0 511(14,-13,-413(-421(-321,211)-211))
1 521(14,-13,-20423(-413(-421(321,-211)-211)))
2 511(-14,13,413(421(-321(13,-14)211)211))
3 511(-14,13,413(421(-321,211)211(-13,14)))
4 521(14,-13,-10423(-413(-421(321,-211)-211)))
5 511(14,-13,-10413(-413(-421(321,-211)-211)111))
6 511(14,-13,-413(-421(321,-211(13,-14))-211))
7 511(14,-13,-20413(-413(-421(321,-211)-211)111))
8 -511(-16,15(16,13,-14)413(421(-321,211)211))
9 -511(-14,13,413(421(-321(13,-14)211)211(-13,14)))
10 511(14,-13,-413(-421(321(111)-211)-211))
11 -521(-14,13,20423(413(421(-321(13,-14)211)211)-211(13,-14)))
12 521(14,-13,-10423(-413(-421(321,-211)-211)211(-13,14)))
13 -521(-14,13,20423(413(421(-321,211)211)-211(13,-14)))
14 -511(413(421(-321,211)211(-13,14))223(-211(13,-14)111)-211)
15 -521(421(20213(113,211(-13,14))-321(13,-14))-413(-421(321,-211)-211)-311(310(-211(13,-14))))
16 -521(-14,13,413(421(-321,211)211)-211)
17 511(413(421(-321,211)211)-413(-421(13,-14,321)-211)311(310)113)
18 -511(423(421(-13,14,-321)22)-413(-421(321(-13,14)-211)-211)321)
19 -511(-413(-411(-20213(113)-311)22)413(421(-321(13,-14)211)211)-313(-321(13,-14)))
20 -521(-14,13,425(413(421(-321,211)211)-211))
21 -511(413(421(-321,211)211)-321,321,-211(13,-14))
22 -511(-413(-411(13,-14,313)111)413(421(-321,211)211)-311(130(-12,11)))
23 5112(5122(413(421(-321,211)211(-13,14))-431(333(130,310)-211(13,-14)-211,211)2112)-211)
24 -511(-433(-431(13,-14,333(321,-321))22)413(421(-321,211)211))
25 -511(-14,13,413(421(-321(111)211)211(-13(-13)14(14))))
26 -511(20433(433(431(333(130(211(-13,14)-211(13,-14)111)310)211)22))-413(-421(321,-211)-211))
27 -511(413(421(-321,211)211)111,111,-211(13,-14)-311(310)313)
28 521(14,-13,-20423(-413(-421(321(111)-211)-211)))
29 -511(413(421(-321(13,-14)211)211)-321,311(130(-14,13))211,-213(111)111)
30 521(14,-13,-20423(-413(-421(321(111,111)-211)-211(13,-14))))
31 -531(431(321,311(310(211(-13,14))))-413(-421(321,-211)-211)-311)
32 -511(-20433(-433(-431(331(221(-211(13,-14)111))-211)22))413(421(-321,211)211))
33 521(-423(-421(13,-14,321)111)413(421(-321,211)211)313)
34 521(-413(-421(321,223(111)-211(13,-14))-211)413(421(-321,211)211)323(311))
35 511(423(421(-13,14,-321)111)-413(-421(321,-211)-211)323(311(310(111,111))))
36 -511(-423(-421(13,-14,321)22)-311,111,-211,413(421(-321,211)211)111)
37 -521(413(421(-321,211)211)-211,-211(13,-14)111)
38 -521(413(411(323(311(310(211(-13,14))))-313(-311(310)111))111)-321,-413(-421(321,-211)-211)111)
39 521(14,-13,-10423(-413(-421(321,-211(13,-14))-211(13,-14))))
40 521(14,-13,-10423(-413(-421(321(14,-13,111)-211)-211)))
41 -531(433(431(333(221(111,111,111)22)213(211(-13,14)111))22)-413(-421(321,-211)-211(13,-14))-311)
42 511(-423(-421(321,-211,111)22)311(310)413(421(-321,211)211(-13,14))-211(13,-14))
43 -511(-413(-421(321,-211)-211(13,-14))321(-13,14)-311(310)-211(13,-14)211,-211(13,-14)221(-211(13,-14)111)211,223(111))
44 -511(413(421(-321,211)211)111,111,-213(111)213(111)-211(13,-14))
45 511(-413(-421(321,-211)-211)211(-13,14)111,111)
46 -511(14,-13,-20413(-413(-421(321(12,-11,111)-211)-211)111))
47 511(-14,13,413(421(-321(13(13)-14(-14))211)211))
48 511(14,-13,-413(-421(321(111,111)-211)-211))
49 511(421(-313(-321)223(111))-413(-421(321(-13,14)-211)-211)323(311(310(211(-13,14)))))
50 521(16,-15(-16,-13,14)-425(-413(-421(321,-211)-211)211,111))
51 -511(-16,15(16,111(22,22)-211(13,-14))413(421(-321(13,-14)211)211))
52 -521(-413(-411(13,-14,313)111)413(421(-321,211)211(-13,14))-323(-321(111)111))
53 511(-413(-421(321,-211)-211)111,111,213(111)221(211(-13,14)111)221(111,111,111))
54 -511(433(431(-13,14)22)-413(-421(321,-211)-211(13,-14)))
55 521(14,-13,-413(-421(321(-13,14)-211)-211)211)
56 511(-413(-421(321,-211)-211)211,-211(13,-14)221(11,-11)321(-13,14)-321,211,-213(111)211)
57 521(16,-15(-16,-13,14)-10423(-413(-421(321,-211)-211)))
58 531(221,-413(-421(321,-211)-211)111,111,111,111,433(431(-13,14,331(221(111,111,111)))22))
59 511(20433(433(431(323(311(310))-313(-321(13,-14)211(-13,14)))22)111)-413(-421(321,-211)-211))
60 521(-413(-421(321,-211)-211(13,-14))-1114(211(-13,14))2214(2212,111))
61 511(433(431(-13,14,221)22)-415(-413(-421(321(14,-13,111)-211)-211)111))
62 -511(413(421(-321,211)211)-211(13,-14))
