0 511(-413(-421(321,-211)-211)423(421(-321,-13,14)111)321)
1 511(-413(-421(321,-211)-211)423(421(-321,-13,14)22)321)
2 511(-413(-421(321,-211)-211)413(421(-321,-13,14)211)311)
3 511(-413(-421(321,-211)-211)421(-321,-13,14)321)
4 511(-413(-421(321,-211)-211)413(421(-321,-13,14)211)311(310))
5 511(-413(-421(321,-211)-211)413(421(-321,-13,14)211)313)
6 511(-413(-421(321,-211)-211)421(-321,-13,14)323(311))
7 511(-413(-421(321,-211)-211)421(-321,-13,14)323(111))
8 511(-413(-421(321,-211)-211)421(-321,-13,14)323(311(310)))
9 511(-413(-421(321,-211)-211)423(421(-321,-13,14)111)323(311))
10 511(-413(-421(321,-211)-211)423(421(-321,-13,14)111)323(311(310)))
11 511(-413(-421(321,-211)-211)423(421(-211,-13,14)111)321)
12 511(-413(-421(321,-211)-211)413(421(-321,-13,14)211)313(311,111))
13 511(-413(-421(321,-211)-211)423(421(-211,-13,14)22)321)
14 511(-413(-421(321,-211)-211)423(421(-323(111)-13,14)111)321)
15 511(-413(-421(321,-211)-211)423(421(-321,-13,14)22)323(311))
16 511(-413(-421(321,-211)-211)423(421(-321,-13,14)22)323(311(310)))
17 511(-413(-421(321,-211)-211)423(421(-321,-13,14)111)323(111))
18 511(-413(-421(321,-211)-211)423(421(-323(-311(310))-13,14)111)321)
19 511(-413(-421(321,-211)-211)423(421(-321,-13,14)22)323(111))
20 511(-413(-421(321,-211)-211)413(421(-211,-13,14)211)311)
21 511(-413(-421(321,-211)-211)423(421(-323(-311)-13,14)22)321)
22 511(-413(-421(321,-211)-211)423(421(-323(111)-13,14)22)321)
23 511(-413(-421(321,-211)-211)413(421(-321,-13,14)211)313(311(310)111))
24 511(-413(-421(321,-211)-211)413(421(-323(111)-13,14)211)311)
25 511(-413(-421(321,-211)-211)423(421(-323(-311)-13,14)111)321)
26 511(-413(-421(321,-211)-211)421(-323(111)-13,14)321)
27 511(-413(-421(321,-211)-211)413(421(-323(-311(310))-13,14)211)311(310))
28 511(-413(-421(321,-211)-211)421(-211,-13,14)321)
29 511(-413(-421(321,-211)-211)413(421(-323(-311)-13,14)211)313)
30 511(-413(-421(321,-211)-211)413(421(-323(-311)-13,14)211)311(310))
31 511(-413(-421(321,-211)-211)413(421(-211,-13,14)211)311(310))
32 511(-413(-421(321,-211)-211)421(-323(111)-13,14)323(311))
33 511(-413(-421(321,-211)-211)421(-323(-311)-13,14)321)
34 511(-413(-421(321,-211)-211)413(421(-211,-13,14)211)313)
35 511(-413(-421(321,-211)-211)413(421(-323(-311)-13,14)211)311)
36 511(-413(-421(321,-211)-211)421(-211,-13,14)323(311))
37 511(-413(-421(321,-211)-211)413(421(-323(-311(310))-13,14)211)311)
38 511(-413(-421(321,-211)-211)413(421(-323(111)-13,14)211)311(310))
39 511(-413(-421(321,-211)-211)421(-323(-311(310))-13,14)323(111))
40 511(-413(-421(321,-211)-211)421(-323(-311(310))-13,14)323(311(310)))
41 511(-413(-421(321,-211)-211)423(421(-323(-311(310))-13,14)22)321)
42 511(-413(-421(321,-211)-211)423(421(-321,-13,14)111(-11,11))321)
43 511(-413(-421(321,-211)-211)413(421(-323(111)-13,14)211)313)
44 511(-413(-421(321,-211)-211)421(-323(-311(310))-13,14)321)
45 511(-413(-421(321,-211)-211)421(-211,-13,14)323(111))
46 511(-413(-421(321,-211)-211)421(-323(-311)-13,14)323(311(310)))
47 511(-413(-421(321,-211)-211)421(-323(111)-13,14)323(311(310)))
48 511(-413(-421(321,-211)-211)423(421(-323(111)-13,14)111)323(111))
49 511(-413(-421(321,-211)-211)421(-323(-311(310))-13,14)323(311))
50 511(-413(-421(321,-211)-211)413(421(-213(111)-13,14)211)311)
51 511(-413(-421(321,-211)-211)413(421(-323(111)-13,14)211)313(311,111))
52 511(-413(-421(321,-211)-211)413(421(-323(-311(310))-13,14)211)313)
53 511(-413(-421(321,-211)-211)421(-323(-311)-13,14)323(311))
54 511(-413(-421(321,-211)-211)423(421(-211,-13,14)111)323(311))
55 511(-413(-421(321,-211)-211)423(421(-211,-13,14)111)323(311(310)))
56 511(-413(-421(321,-211)-211)423(421(-211,-13,14)22)323(111))
57 511(-413(-421(321,-211)-211)423(421(-211,-13,14)22)323(311(310)))
58 511(-413(-421(321,-211)-211)421(-323(111)-13,14)323(111))
59 511(-413(-421(321,-211)-211)423(421(-211,-13,14)111)323(111))
60 511(-413(-421(321,-211)-211)413(421(-323(-311(310))-13,14)211)313(311(310)111))
61 511(-413(-421(321,-211)-211)421(-211,-13,14)323(311(310)))
62 511(-413(-421(321,-211)-211)423(421(-323(-311)-13,14)22)323(311))
63 511(-413(-421(321,-211)-211)423(421(-323(-311)-13,14)111)323(311))
64 511(-413(-421(321,-211)-211)423(421(-323(111)-13,14)22)323(311))
65 511(-413(-421(321,-211)-211)421(-213(111)-13,14)321)
66 511(-413(-421(321,-211)-211)421(-323(-311)-13,14)323(111))
67 511(-413(-421(321,-211)-211)423(421(-323(-311(310))-13,14)22)323(311))
68 511(-413(-421(321,-211)-211)423(421(-323(-311(310))-13,14)111)323(311))
69 511(-413(-421(321,-211)-211)423(421(-213(111)-13,14)22)321)
70 511(-413(-421(321,-211)-211)413(421(-323(-311)-13,14)211)313(311,111))
71 511(-413(-421(321,-211)-211)423(421(-213(111)-13,14)111)321)
72 511(-413(-421(321,-211)-211)413(421(-211,-13,14)211)313(311,111))
73 511(-413(-421(321,-211)-211)413(421(-213(111)-13,14)211)311(310))
74 511(-413(-421(321,-211)-211)423(421(-323(-311(310))-13,14)111)323(311(310)))
75 511(-413(-421(321,-211)-211)413(421(-323(111)-13,14)211)313(311(310)111))
76 511(-413(-421(321,-211,22)-211)423(421(-323(-311)-13,14)22)323(311(310)))
77 511(-413(-421(321,-211)-211)423(421(-323(111)-13,14)111)323(311))
78 511(-413(-421(321,-211)-211)421(-213(111)-13,14)323(111))
79 511(-413(-421(321,-211)-211)423(421(-211,-13,14)22)323(311))
80 511(-413(-421(321,-211)-211)423(421(-213(111)-13,14)111)323(111))
81 511(-413(-421(321,-211)-211)423(421(-323(111)-13,14)22)323(311(310)))
82 511(-413(-421(321,-211)-211)423(421(-323(111)-13,14)111(-11,11))321)
83 511(-413(-421(321,-211)-211)413(421(-323(-311(310))-13,14)211)313(311,111))
84 511(-413(-421(321,-211)-211)421(-213(111)-13,14)323(311))
85 511(-413(-421(321,-211)-211)423(421(-213(111)-13,14)111)323(311))
86 511(-413(-421(321,-211)-211)423(421(-323(111)-13,14)22)323(111))
87 511(-413(-421(321,-211)-211)413(421(-213(111)-13,14)211)313)
88 -511(-14,13,413(421(-321,211)211)22)
89 511(-413(-421(321,-211)-211)423(421(-323(-311)-13,14)22)323(111))
90 511(-413(-421(321,-211)-211)423(421(-213(111)-13,14)111)323(311(310)))
91 511(-413(-421(321,-211)-211)423(421(-213(111)-13,14)22)323(311(310)))
92 511(-413(-421(321,-211,22)-211)421(-213(111)-13,14)323(311(310)))
93 511(-413(-421(321,-211)-211)413(421(-213(111)-13,14)211)313(311(310)111))
94 511(-413(-421(321,-211)-211)423(421(-211,-13,14)22)323(111(-11,11)))
95 -521(413(421(-321,211)211)-211,-421(13,-14,323(311(310)))-323(-311))
96 -511(413(421(-321,211)211)13,-14)
97 511(-413(-421(321,-211)-211)423(421(-323(-311(310))-13,14)22)323(311(310)))
98 511(-413(-421(321,-211)-211)421(-321,-13,14,22)323(111(-11,11)))
99 511(-413(-421(321,-211)-211)423(421(-321,-13,14)111(-11,11))323(311))
100 511(-413(-421(321,-211)-211)413(421(-211,-13,14)211)313(311(310)))
101 511(-413(-421(321,-211,22)-211)413(421(-323(111(-11,11))-13,14)211)311)
102 511(-413(-421(321,-211)-211)423(421(-323(-311(310))-13,14)22)323(111))
103 511(-413(-421(321,-211,22,22)-211)423(421(-323(-311)-13,14)111)323(111))
104 511(-413(-421(321,-211)-211)421(-321,-13,14)323)
105 511(-413(-421(321,-211,22)-211)423(421(-321,-13,14,22)22)323(111(-11,11)))
106 511(-413(-421(321,-211)-211)423(421(-323(111)-13,14)111)323(311(310)))
