0 511(423(421(-321,14,-13)111(22))-413(-421(321,-211)-211)321)
1 511(423(421(-321,14,-13)22)-413(-421(321,-211)-211)321)
2 511(-413(-421(321,-211)-211)413(421(-321,14,-13)211)311(130))
3 511(421(-321,14,-13)-413(-421(321,-211)-211)321)
4 511(-413(-421(321,-211)-211)413(421(-321,14,-13)211)311(310))
5 511(-413(-421(321,-211)-211)413(421(-321,14,-13)211)313(321,-211))
6 511(421(-321,14,-13)-413(-421(321,-211)-211)323(311(130)211))
7 511(421(-321,14,-13)-413(-421(321,-211)-211)323(311(310)211))
8 511(421(-321,14,-13)-413(-421(321,-211)-211)323(111(22,22)321))
9 511(423(421(-321,14,-13)111(22,22))-413(-421(321,-211)-211)323(111(22,22)321))
10 511(423(421(-321,14,-13)111(22,22))-413(-421(321,-211)-211)323(311(310)211))
11 511(423(421(-321,14,-13)111(22,22))-413(-421(321,-211)-211)323(311(130)211))
12 511(423(421(-211,14,-13)111(22,22))-413(-421(321,-211)-211)321)
13 511(423(421(-323(111(22,22)-321)14,-13)111(22,22))-413(-421(321,-211)-211)321)
14 511(423(421(-323(-311(310)-211)14,-13)111(22,22))-413(-421(321,-211)-211)321)
15 511(-413(-421(321,-211)-211)413(421(-321,14,-13)211)313(311(130)111(22)))
16 511(423(421(-321,14,-13)22)-413(-421(321,-211)-211)323(311(310)211))
17 511(423(421(-323(-311(130)-211)14,-13)111(22,22))-413(-421(321,-211)-211)321)
18 511(423(421(-321,14,-13)22)-413(-421(321,-211)-211)323(311(130)211))
19 511(423(421(-321,14,-13)22)-413(-421(321,-211)-211)323(111(22,22)321))
20 511(-413(-421(321,-211)-211)413(421(-321,14,-13)211)313(311(310)111(22,22)))
21 511(423(421(-211,14,-13)22)-413(-421(321,-211)-211)321)
22 511(421(-211,14,-13)-413(-421(321,-211)-211)321)
23 511(423(421(-323(-311(130)-211)14,-13)22)-413(-421(321,-211)-211)321)
24 511(-413(-421(321,-211)-211)413(421(-211,14,-13)211)311(130))
25 511(423(421(-323(-311(310)-211)14,-13)22)-413(-421(321,-211)-211)321)
26 511(-413(-421(321,-211)-211)413(421(-211,14,-13)211)311(310))
27 511(423(421(-323(111(22,22)-321)14,-13)22)-413(-421(321,-211)-211)321)
28 511(413(421(-323(111(22,22)-321)14,-13)211)-413(-421(321,-211)-211)311(310))
29 511(413(421(-323(-311(310)-211)14,-13)211)-413(-421(321,-211)-211)311(310))
30 511(413(421(-323(-311(130)-211)14,-13)211)-413(-421(321,-211)-211)311(310))
31 511(413(421(-323(-311(310)-211)14,-13)211)-413(-421(321,-211)-211)311(130))
32 511(421(-323(111(22,22)-321)14,-13)-413(-421(321,-211)-211)321)
33 511(421(-323(-311(130)-211)14,-13)-413(-421(321,-211)-211)321)
34 511(-413(-421(321,-211)-211)413(421(-211,14,-13)211)313(321,-211))
35 511(413(421(-323(111(22,22)-321)14,-13)211)-413(-421(321,-211)-211)311(130))
36 511(421(-323(-311(310)-211)14,-13)-413(-421(321,-211)-211)321)
37 511(413(421(-323(-311(130)-211)14,-13)211)-413(-421(321,-211)-211)311(130))
38 511(413(421(-323(111(22,22)-321)14,-13)211)-413(-421(321,-211)-211)313(321,-211))
39 511(421(-211,14,-13)-413(-421(321,-211)-211)323(311(130)211))
40 511(413(421(-323(-311(310)-211)14,-13)211)-413(-421(321,-211)-211)313(321,-211))
41 511(413(421(-323(-311(130)-211)14,-13)211)-413(-421(321,-211)-211)313(321,-211))
42 511(421(-211,14,-13)-413(-421(321,-211)-211)323(311(310)211))
43 511(423(421(-213(111(22,22)-211)14,-13)111(22,22))-413(-421(321,-211)-211)321)
44 511(421(-211,14,-13)-413(-421(321,-211)-211)323(111(22,22)321))
45 511(421(-323(-311(310)-211)14,-13)-413(-421(321,-211)-211)323(311(310)211))
46 511(421(-323(-311(310)-211)14,-13)-413(-421(321,-211)-211)323(111(22,22)321))
47 511(421(-323(-311(130)-211)14,-13)-413(-421(321,-211)-211)323(311(310)211))
48 511(421(-323(-311(310)-211)14,-13)-413(-421(321,-211)-211)323(311(130)211))
49 511(421(-323(-311(130)-211)14,-13)-413(-421(321,-211)-211)323(111(22,22)321))
50 511(421(-323(111(22,22)-321)14,-13)-413(-421(321,-211)-211)323(111(22,22)321))
51 511(421(-323(-311(130)-211)14,-13)-413(-421(321,-211)-211)323(311(130)211))
52 511(421(-323(111(22,22)-321)14,-13)-413(-421(321,-211)-211)323(311(310)211))
53 511(421(-323(111(22,22)-321)14,-13)-413(-421(321,-211)-211)323(311(130)211))
54 511(423(421(-213(111(22,22)-211)14,-13)22)-413(-421(321,-211)-211)321)
55 511(423(421(-211,14,-13)111(22,22))-413(-421(321,-211)-211)323(111(22,22)321))
56 511(413(421(-213(111(22,22)-211)14,-13)211)-413(-421(321,-211)-211)311(130))
57 511(423(421(-321,14,-13)111(22,-11,11))-413(-421(321,-211)-211)321)
58 511(423(421(-323(111(22,22)-321)14,-13)111(22,22))-413(-421(321,-211)-211)323(311(310)211))
59 511(423(421(-211,14,-13)111(22,22))-413(-421(321,-211)-211)323(311(310)211))
60 511(423(421(-211,14,-13)111(22,22))-413(-421(321,-211)-211)323(311(130)211))
61 511(423(421(-323(111(22,22)-321)14,-13)111(22,22))-413(-421(321,-211)-211)323(311(130)211))
62 511(423(421(-323(-311(310)-211)14,-13)111(22,22))-413(-421(321,-211)-211)323(111(22,22)321))
63 511(421(-213(111(22,22)-211)14,-13)-413(-421(321,-211)-211)321)
64 511(423(421(-323(111(22,22)-321)14,-13)111(22,22))-413(-421(321,-211)-211)323(111(22,22)321))
65 511(423(421(-211,14,-13)22)-413(-421(321,-211)-211)323(111(22,22)321))
66 511(423(421(-323(-311(130)-211)14,-13)111(22,22))-413(-421(321,-211)-211)323(311(310)211))
67 511(423(421(-323(-311(310)-211)14,-13)111(22,22))-413(-421(321,-211)-211)323(311(310)211))
68 511(421(-213(111(22,22)-211)14,-13)-413(-421(321,-211)-211)323(311(310)211))
69 511(413(421(-213(111(22,22)-211)14,-13)211)-413(-421(321,-211)-211)311(310))
70 511(423(421(-323(-311(310)-211)14,-13)111(22,22))-413(-421(321,-211)-211)323(311(130)211))
71 511(-413(-421(321,-211)-211)413(421(-211,14,-13)211)313(311(310)111(22,22)))
72 511(413(421(-323(111(22,22)-321)14,-13)211)-413(-421(321,-211)-211)313(311(130)111(22)))
73 511(423(421(-211,14,-13)22)-413(-421(321,-211)-211)323(311(310)211))
74 511(423(421(-323(-311(130)-211)14,-13)111(22,22))-413(-421(321,-211)-211)323(311(130)211))
75 511(423(421(-211,14,-13)22)-413(-421(321,-211)-211)323(311(130)211))
76 511(423(421(-323(-311(130)-211)14,-13)22)-413(-421(321,-211)-211)323(311(310)211))
77 511(413(421(-323(-311(130)-211)14,-13)211)-413(-421(321,-211)-211)313(311(130)111(22,22)))
78 511(421(-213(111(22,22)-211)14,-13)-413(-421(321,-211)-211)323(111(22,22)321))
79 511(423(421(-323(-311(130)-211)14,-13)111(22,22))-413(-421(321,-211)-211)323(111(22,22)321))
80 511(423(421(-323(111(22,22)-321)14,-13)22)-413(-421(321,-211)-211)323(111(22,22)321))
81 511(423(421(-323(-311(310)-211)14,-13)22)-413(-421(321,-211)-211)323(311(130)211))
82 511(413(421(-323(111(22,22)-321)14,-13)211)-413(-421(321,-211)-211)313(311(310)111(22,22)))
83 511(423(421(-323(111(22,22)-321)14,-13)22)-413(-421(321,-211)-211)323(311(310)211))
84 511(413(421(-323(-311(310)-211)14,-13)211)-413(-421(321,-211)-211)313(311(310)111(22,22)))
85 511(423(421(-323(-311(130)-211)14,-13)22)-413(-421(321,-211)-211)323(311(130)211))
86 511(413(421(-213(111(22,22)-211)14,-13)211)-413(-421(321,-211)-211)313(321,-211))
87 511(423(421(-323(-311(310)-211)14,-13)22)-413(-421(321,-211)-211)323(311(310)211))
88 511(423(421(-323(-311(130)-211)14,-13)22)-413(-421(321,-211)-211)323(111(22,22)321))
89 511(-413(-421(321,-211)-211)413(421(-211,14,-13)211)313(311(130)111(22,22)))
90 511(413(421(-323(-311(130)-211)14,-13)211)-413(-421(321,-211)-211)313(311(310)111(22,22)))
91 511(423(421(-323(111(22,22)-321)14,-13)22)-413(-421(321,-211)-211)323(311(130)211))
92 511(413(421(-323(-311(310)-211)14,-13)211)-413(-421(321,-211)-211)313(311(130)111(22,22)))
93 -511(413(421(-321,211)211)-14,13)
94 511(421(-213(111(22,22)-211)14,-13)-413(-421(321,-211)-211)323(311(130)211))
95 511(421(-321,14,-13)-413(-421(321,-211)-211)323(111(22,-11,11)321))
96 511(423(421(-323(-311(310)-211)14,-13)22)-413(-421(321,-211)-211)323(111(22,22)321))
97 511(423(421(-213(111(22,22)-211)14,-13)111(22,22))-413(-421(321,-211)-211)323(111(22,22)321))
98 511(423(421(-213(111(22,22)-211)14,-13)111(22,22))-413(-421(321,-211)-211)323(311(310)211))
99 511(423(421(-213(111(22,22)-211)14,-13)111(22,22))-413(-421(321,-211)-211)323(311(130)211))
100 511(423(421(-213(111(22,22)-211)14,-13)22)-413(-421(321,-211)-211)323(311(310)211))
101 511(423(421(-321,14,-13)111(22,22))-413(-421(321,-211)-211)323(111(22,-11,11)321))
102 511(423(421(-323(111(22,22)-321)14,-13)111(22,-11,11))-413(-421(321,-211)-211)321)
103 511(413(421(-213(111(22,22)-211)14,-13)211)-413(-421(321,-211)-211)313(311(130)111(22,22)))
104 511(423(421(-321,14,-13)111(22,-11,11))-413(-421(321,-211)-211)323(311(130)211))
105 511(423(421(-321,14,-13)111(22,-11,11))-413(-421(321,-211)-211)323(311(310)211))
106 511(413(421(-213(111(22,22)-211)14,-13)211)-413(-421(321,-211)-211)313(311(310)111(22,22)))
107 511(423(421(-323(111(22,-11,11)-321)14,-13)22)-413(-421(321,-211)-211)321)
108 511(-413(-421(321,-211)-211)413(421(-321,14,-13)211)313(311(310)22))
109 511(-413(-421(321,-211)-211)413(421(-321,14,-13)211)313(311(310)111(22,-11,11)))
110 511(421(-323(111(22,-11,11)-321)14,-13)-413(-421(321,-211)-211)321)
111 511(413(421(-323(111(22,-11,11)-321)14,-13)211)-413(-421(321,-211)-211)311(310))
112 511(423(421(-321,14,-13)111(22,22))-413(-421(321,-211)-211)323(321,22))
113 511(423(421(-321,14,-13)111(22,-11,11))-413(-421(321,-211)-211)323(111(22,22)321))
114 511(423(421(-321,14,-13)22)-413(-421(321,-211)-211)323(321,22))
115 511(421(-321,14,-13)-413(-421(321,-211)-211)323(321,22))
116 511(423(421(-323(111(22,-11,11)-321)14,-13)111(22,22))-413(-421(321,-211)-211)321)
117 511(423(421(-213(111(22,22)-211)14,-13)22)-413(-421(321,-211)-211)323(311(130)211))
118 511(423(421(-323(-311(310)-211)14,-13)111(22,-11,11))-413(-421(321,-211)-211)321)
119 511(423(421(-213(111(22,22)-211)14,-13)22)-413(-421(321,-211)-211)323(111(22,22)321))
120 511(423(421(-211,14,-13)111(22,-11,11))-413(-421(321,-211)-211)321)
121 511(423(421(-211,14,-13)22)-413(-421(321,-211)-211)323(111(22,-11,11)321))
122 -521(20423(413(421(-321,211)211)-211)-14,13)
123 511(423(421(-323(-311(130)-211)14,-13)111(22,-11,11))-413(-421(321,-211)-211)321)
124 511(421(-323(-311(310)-211)14,-13)-413(-421(321,-211)-211)323(321,22))
125 511(421(-323(-321,22)14,-13)-413(-421(321,-211)-211)323(111(22,22)321))
126 511(423(421(-321,14,-13)22)-413(-421(321,-211)-211)323(111(22,-11,11)321))
127 511(413(421(-213(111(22,-11,11)-211)22,14,-13)211)-413(-421(321,-211)-211)313(311(310)111(22,22)))
128 511(423(421(-211,14,-13)111(22,-11,11))-413(-421(321,-211)-211)323(111(22,22)321))
129 -521(413(421(-323(-311(310)-211)14,-13)211)-413(-421(321,-211)-211)-323(111(22,11,-11)-321))
130 511(413(421(-323(111(22,-11,11)-321)14,-13)211)-413(-421(321,-211)-211)313(311(310)111(22,22)))
131 511(423(421(-323(-321,22)22,22,14,-13)22)-413(-421(321,-211)-211)323(111(22,22)321))
132 511(421(-323(-321,22)14,-13)-413(-421(321,-211)-211)323(311(310)211))
133 511(423(421(-323(111(22,22)-321)14,-13)111(22,-11,11))-413(-421(321,-211)-211)323(111(22,22)321))
134 511(421(-321,14,-13)-413(-421(321,-211)-211)323(311(130)))
135 511(423(421(-323(111(22,-11,11)-321)14,-13)22)-413(-421(321,-211)-211)323(311(130)211))
136 511(423(421(-323(111(22,-11,11)-321)14,-13)111(22,22))-413(-421(321,-211)-211)323(311(130)211))
137 511(423(421(-323(-311(130)-211)14,-13)22)-413(-421(321,-211)-211)323(111(22,-11,11)321))
138 511(423(421(-213(111(22,-11,11)-211)14,-13)22)-413(-421(321,-211)-211)323(311(130)211))
139 511(421(-323(111(22,-11,11)-321)14,-13)-413(-421(321,-211)-211)323(111(22,22)321))
140 511(423(421(-323(-311(130))14,-13)111(22))-413(-421(321,-211)-211)321)
141 -511(-413(-421(321,-211)-211)411(-311(310)14,-13)-321,211)
142 511(423(421(-323(-321,22)14,-13)111(22,22))-413(-421(321,-211)-211)321)
143 -511(421(-321,22,14,-13)-413(-421(321,-211)-211)-311(310)211)
144 -521(-421(323(311(310)211)-14,13)413(421(-321,211)211)-323(-311(130)-211)-211)
145 511(423(421(-323(111(22,22)-321)22,14,-13)111(22,-11,11))-413(-421(321,-211,22)-211)323(311(130)211))
146 511(423(421(-323(-321,22)14,-13)111(22,22))-413(-421(321,-211)-211)323(111(22,22)321))
147 511(-413(-421(321,-211,22)-211)413(421(-321,14,-13)211)313(321))
148 511(413(421(-323(-321,22)14,-13)211)-413(-421(321,-211)-211)311(310))
149 511(423(421(-323(-311(130)-211)14,-13)111(22,22))-413(-421(321,-211)-211)323(111(22,-11,11)321))
150 511(-413(-421(321,-211)-211)413(421(-211,14,-13)211)313(311(310)22))
151 511(423(421(-323(-321,22)14,-13)22)-413(-421(321,-211)-211)321)
152 -511(10413(413(421(-321,211,22)211)111(22,22))-14,13)
153 511(423(421(-323(-311(310)-211)14,-13)111(22,-11,11))-413(-421(321,-211)-211)323(311(130)211))
154 511(413(421(-323(-311(130)-211)22,14,-13)211)-413(-421(321,-211)-211)313(311(310)111(22,-11,11)))
155 -511(-413(-421(321,-211)-211)411(-311(310)14,-13)-311(310))
156 511(413(421(-323(111(22,22)-321)14,-13)211)-413(-421(321,-211)-211)313(311(130)111(22,-11,11)))
157 511(-413(-421(321,-211)-211)413(421(-211,14,-13)211)313(311(130)111(22,-11,11)))
158 511(423(421(-323(111(22,22)-321)14,-13)111(22,22))-413(-421(321,-211,22)-211)323(321,22))
159 511(421(-323(111(22,22)-321)14,-13)-413(-421(321,-211)-211)323(111(22,-11,11)321))
160 -521(421(-211,14,-13)-413(-421(321,-211)-211)-313(-321,211))
161 511(-413(-421(321,-211)-211)413(421(-321,14,-13)211)311)
162 511(421(-323(-311(130)-211)14,-13)-413(-421(321,-211)-211)323(321,22))
163 511(-413(-421(321,-211)-211)413(421(-321,22,14,-13)211)313(311(130)22))
164 511(413(421(-323(111(22,-11,11)-321)14,-13)211)-413(-421(321,-211,22)-211)311(130))
165 511(421(-323(-311(310)-211)22,14,-13)-413(-421(321,-211,22)-211)323(111(22,-11,11)321))
166 511(423(421(-323(111(22,22)-321)14,-13)111(22,22))-413(-421(321,-211)-211)323(111(22,-11,11)321))
