0 511(-413(-421(321,-211)-211)423(421(-321,-13,14)111)321)
1 511(-413(-421(321,-211)-211)423(421(-321,-13,14)22)321)
2 511(-413(-421(321,-211)-211)413(421(-321,-13,14)211)311)
3 511(-413(-421(321,-211)-211)421(-321,-13,14)321)
4 511(-413(-421(321,-211)-211)413(421(-321,-13,14)211)311(310))
5 511(-413(-421(321,-211)-211)413(421(-321,-13,14)211)313)
6 511(-413(-421(321,-211)-211)421(-321,-13,14)323(311))
7 511(-413(-421(321,-211)-211)421(-321,-13,14)323(111))
8 511(-413(-421(321,-211)-211)421(-321,-13,14)323(311(310)))
9 511(-413(-421(321,-211)-211)423(421(-321,-13,14)111)323(111))
10 511(-413(-421(321,-211)-211)423(421(-321,-13,14)111)323(311))
11 511(-413(-421(321,-211)-211)423(421(-321,-13,14)111)323(311(310)))
12 511(-413(-421(321,-211)-211)423(421(-211,-13,14)111)321)
13 511(-413(-421(321,-211)-211)423(421(-323(111)-13,14)111)321)
14 511(-413(-421(321,-211)-211)413(421(-321,-13,14)211)313(311,111))
15 511(-413(-421(321,-211)-211)423(421(-323(-311)-13,14)111)321)
16 511(-413(-421(321,-211)-211)423(421(-321,-13,14)22)323(311))
17 511(-413(-421(321,-211)-211)423(421(-321,-13,14)22)323(311(310)))
18 511(-413(-421(321,-211)-211)423(421(-321,-13,14)22)323(111))
19 511(-413(-421(321,-211)-211)423(421(-323(-311(310))-13,14)111)321)
20 511(-413(-421(321,-211)-211)423(421(-211,-13,14)22)321)
21 511(-413(-421(321,-211)-211)413(421(-321,-13,14)211)313(311(310)111))
22 511(-413(-421(321,-211)-211)421(-211,-13,14)321)
23 511(-413(-421(321,-211)-211)423(421(-323(-311)-13,14)22)321)
24 511(-413(-421(321,-211)-211)413(421(-211,-13,14)211)311)
25 511(-413(-421(321,-211)-211)423(421(-323(-311(310))-13,14)22)321)
26 511(-413(-421(321,-211)-211)423(421(-323(111)-13,14)22)321)
27 511(-413(-421(321,-211)-211)413(421(-211,-13,14)211)311(310))
28 511(-413(-421(321,-211)-211)413(421(-323(-311)-13,14)211)311)
29 511(-413(-421(321,-211)-211)413(421(-323(111)-13,14)211)311)
30 511(-413(-421(321,-211)-211)421(-323(-311)-13,14)321)
31 511(-413(-421(321,-211)-211)413(421(-323(111)-13,14)211)311(310))
32 511(-413(-421(321,-211)-211)413(421(-323(-311(310))-13,14)211)311)
33 511(-413(-421(321,-211)-211)421(-323(111)-13,14)321)
34 511(-413(-421(321,-211)-211)413(421(-323(-311)-13,14)211)311(310))
35 511(-413(-421(321,-211)-211)413(421(-323(-311(310))-13,14)211)311(310))
36 511(-413(-421(321,-211)-211)413(421(-211,-13,14)211)313)
37 511(-413(-421(321,-211)-211)421(-323(-311(310))-13,14)321)
38 511(-413(-421(321,-211)-211)413(421(-323(111)-13,14)211)313)
39 511(-413(-421(321,-211)-211)421(-211,-13,14)323(311))
40 511(-413(-421(321,-211)-211)413(421(-323(-311)-13,14)211)313)
41 511(-413(-421(321,-211)-211)413(421(-323(-311(310))-13,14)211)313)
42 511(-413(-421(321,-211)-211)421(-211,-13,14)323(311(310)))
43 511(-413(-421(321,-211)-211)421(-323(-311)-13,14)323(311))
44 511(-413(-421(321,-211)-211)423(421(-213(111)-13,14)111)321)
45 511(-413(-421(321,-211)-211)421(-211,-13,14)323(111))
46 511(-413(-421(321,-211)-211)421(-323(-311)-13,14)323(111))
47 511(-413(-421(321,-211)-211)421(-323(-311(310))-13,14)323(111))
48 511(-413(-421(321,-211)-211)421(-323(-311(310))-13,14)323(311(310)))
49 511(-413(-421(321,-211)-211)421(-323(111)-13,14)323(111))
50 511(-413(-421(321,-211)-211)421(-323(-311(310))-13,14)323(311))
51 511(-413(-421(321,-211)-211)421(-323(111)-13,14)323(311))
52 511(-413(-421(321,-211)-211)421(-323(-311)-13,14)323(311(310)))
53 511(-413(-421(321,-211)-211)421(-323(111)-13,14)323(311(310)))
54 511(-413(-421(321,-211)-211)423(421(-213(111)-13,14)22)321)
55 511(-413(-421(321,-211)-211)413(421(-213(111)-13,14)211)311)
56 511(-413(-421(321,-211)-211)423(421(-211,-13,14)111)323(111))
57 511(-413(-421(321,-211)-211)423(421(-321,-13,14)111(-11,11))321)
58 511(-413(-421(321,-211)-211)423(421(-323(111)-13,14)111)323(311))
59 511(-413(-421(321,-211)-211)423(421(-211,-13,14)111)323(311))
60 511(-413(-421(321,-211)-211)423(421(-211,-13,14)111)323(311(310)))
61 511(-413(-421(321,-211)-211)423(421(-323(111)-13,14)111)323(311(310)))
62 511(-413(-421(321,-211)-211)421(-213(111)-13,14)321)
63 511(-413(-421(321,-211)-211)423(421(-323(111)-13,14)111)323(111))
64 511(-413(-421(321,-211)-211)423(421(-323(-311(310))-13,14)111)323(111))
65 511(-413(-421(321,-211)-211)423(421(-211,-13,14)22)323(111))
66 511(-413(-421(321,-211)-211)413(421(-323(111)-13,14)211)313(311,111))
67 511(-413(-421(321,-211)-211)423(421(-323(-311)-13,14)111)323(311(310)))
68 511(-413(-421(321,-211)-211)423(421(-323(-311(310))-13,14)111)323(311(310)))
69 511(-413(-421(321,-211)-211)423(421(-323(-311(310))-13,14)111)323(311))
70 511(-413(-421(321,-211)-211)413(421(-323(-311)-13,14)211)313(311,111))
71 511(-413(-421(321,-211)-211)423(421(-323(-311)-13,14)111)323(311))
72 511(-413(-421(321,-211)-211)423(421(-211,-13,14)22)323(311(310)))
73 511(-413(-421(321,-211)-211)421(-213(111)-13,14)323(311(310)))
74 511(-413(-421(321,-211)-211)413(421(-211,-13,14)211)313(311(310)111))
75 511(-413(-421(321,-211)-211)413(421(-213(111)-13,14)211)311(310))
76 511(-413(-421(321,-211)-211)423(421(-211,-13,14)22)323(311))
77 511(-413(-421(321,-211)-211)423(421(-323(-311)-13,14)111)323(111))
78 511(-413(-421(321,-211)-211)423(421(-323(-311)-13,14)22)323(311(310)))
79 511(-413(-421(321,-211)-211)421(-213(111)-13,14)323(111))
80 511(-413(-421(321,-211)-211)423(421(-323(111)-13,14)22)323(111))
81 511(-413(-421(321,-211)-211)423(421(-323(-311)-13,14)22)323(311))
82 511(-413(-421(321,-211)-211)423(421(-323(-311(310))-13,14)22)323(311))
83 511(-413(-421(321,-211)-211)423(421(-323(111)-13,14)22)323(311))
84 511(-413(-421(321,-211)-211)423(421(-323(-311(310))-13,14)22)323(311(310)))
85 511(-413(-421(321,-211)-211)413(421(-211,-13,14)211)313(311,111))
86 511(-413(-421(321,-211)-211)423(421(-323(-311)-13,14)22)323(111))
87 511(-413(-421(321,-211)-211)413(421(-213(111)-13,14)211)313)
88 511(-413(-421(321,-211)-211)413(421(-323(111)-13,14)211)313(311(310)111))
89 511(-413(-421(321,-211)-211)413(421(-323(-311)-13,14)211)313(311(310)111))
90 511(-413(-421(321,-211)-211)423(421(-323(111)-13,14)22)323(311(310)))
91 511(-413(-421(321,-211)-211)421(-213(111)-13,14)323(311))
92 511(-413(-421(321,-211)-211)413(421(-323(-311(310))-13,14)211)313(311,111))
93 511(-413(-421(321,-211)-211)421(-321,-13,14)323(111(-11,11)))
94 511(-413(-421(321,-211)-211)413(421(-323(-311(310))-13,14)211)313(311(310)111))
95 511(-413(-421(321,-211)-211)423(421(-323(-311(310))-13,14)22)323(111))
96 511(-413(-421(321,-211)-211)423(421(-213(111)-13,14)111)323(111))
97 511(-413(-421(321,-211)-211)423(421(-213(111)-13,14)111)323(311(310)))
98 -511(-14,13,413(421(-321,211)211))
99 511(-413(-421(321,-211)-211)423(421(-213(111)-13,14)111)323(311))
100 511(-413(-421(321,-211)-211)423(421(-213(111)-13,14)22)323(311(310)))
101 511(-413(-421(321,-211)-211)423(421(-321,-13,14)111)323(111(-11,11)))
102 -511(413(421(-321,211)211)13,-14)
103 511(-413(-421(321,-211)-211)413(421(-213(111)-13,14)211)313(311,111))
104 511(-413(-421(321,-211)-211)423(421(-323(111)-13,14)111(-11,11))321)
105 511(-413(-421(321,-211)-211)423(421(-321,-13,14)111(-11,11))323(311))
106 511(-413(-421(321,-211)-211)423(421(-321,-13,14)111(-11,11))323(311(310)))
107 511(-413(-421(321,-211)-211)423(421(-323(111(-11,11))-13,14)22)321)
108 511(-413(-421(321,-211)-211)413(421(-213(111)-13,14)211)313(311(310)111))
109 511(-413(-421(321,-211)-211)413(421(-321,-13,14)211)313(311(310)111(-11,11)))
110 511(-413(-421(321,-211)-211)421(-323(111(-11,11))-13,14)321)
111 511(-413(-421(321,-211)-211)423(421(-321,-13,14)111)323)
112 511(-413(-421(321,-211)-211)413(421(-321,-13,14)211)313(311(310)))
113 511(-413(-421(321,-211)-211)413(421(-323(111(-11,11))-13,14)211)311(310))
114 511(-413(-421(321,-211)-211)423(421(-321,-13,14)111(-11,11))323(111))
115 511(-413(-421(321,-211)-211)423(421(-321,-13,14)22)323)
116 511(-413(-421(321,-211)-211)423(421(-323(-311(310))-13,14)111(-11,11))321)
117 511(-413(-421(321,-211)-211)423(421(-323(111(-11,11))-13,14)111)321)
118 511(-413(-421(321,-211)-211)423(421(-213(111)-13,14)22)323(111))
119 511(-413(-421(321,-211)-211)423(421(-213(111)-13,14)22)323(311))
120 511(-413(-421(321,-211)-211)421(-321,-13,14)323)
121 511(-413(-421(321,-211)-211)423(421(-211,-13,14)111(-11,11))321)
122 511(-413(-421(321,-211,22)-211)413(421(-323(111(-11,11))-13,14)211)311)
123 511(-413(-421(321,-211)-211)423(421(-211,-13,14)22)323(111(-11,11)))
124 -521(-14,13,20423(413(421(-321,211)211)))
125 511(-413(-421(321,-211)-211)423(421(-323(-311)-13,14)111(-11,11))321)
126 511(-413(-421(321,-211)-211)421(-323(-311(310))-13,14)323)
127 511(-413(-421(321,-211)-211)421(-323,-13,14)323(111))
128 511(-413(-421(321,-211)-211)423(421(-321,-13,14)22)323(111(-11,11)))
129 511(-413(-421(321,-211)-211)423(421(-213(111(-11,11))-13,14)22)323(311))
130 511(-413(-421(321,-211)-211)423(421(-323(111)-13,14)111(-11,11))323(111))
131 -521(-413(-421(321,-211)-211)413(421(-13,14,-323(-311(310)))211)-323(111(11,-11)))
132 511(-413(-421(321,-211)-211)423(421(-211,-13,14)111(-11,11))323(111))
133 511(-413(-421(321,-211)-211)423(421(-323,-13,14)111)321)
134 -511(421(-321,-13,14,22)-311(310)-413(-421(321,-211)-211)211)
135 511(-413(-421(321,-211)-211)413(421(-323(111)-13,14)211)313(311,111(-11,11)))
136 511(-413(-421(321,-211)-211)413(421(-211,-13,14)211)313(311(310)))
137 -511(411(-311(310)-13,14)-413(-421(321,-211)-211)-311(310))
138 511(-413(-421(321,-211)-211)413(421(-323(-311)-13,14,22)211)313(311(310)111(-11,11)))
139 511(-413(-421(321,-211)-211)413(421(-323,-13,14)211)311(310))
140 511(-413(-421(321,-211)-211)423(421(-323(111(-11,11))-13,14)22)323(311))
141 511(-413(-421(321,-211,22)-211)421(-323(-311(310))-13,14,22)323(111(-11,11)))
142 511(-413(-421(321,-211)-211)423(421(-323(-311(310))-13,14)111(-11,11))323(311))
143 511(-413(-421(321,-211,22)-211)423(421(-323(111)-13,14,22)111(-11,11))323(311))
144 511(-413(-421(321,-211)-211)423(421(-323(111)-13,14)111)323(111(-11,11)))
145 511(-413(-421(321,-211)-211)413(421(-321,-13,14,22)211)313(311))
146 -511(10413(413(421(-321,211,22)211)111)13,-14)
147 511(-413(-421(321,-211)-211)413(421(-213(111(-11,11))-13,14,22)211)313(311(310)111))
148 511(-413(-421(321,-211,22)-211)423(421(-323(111)-13,14)111)323)
149 -511(-423(-421(321,13,-14)111)413(421(-321,211,22)211)-323(111))
150 511(-413(-421(321,-211)-211)413(421(-323(111(-11,11))-13,14)211)313(311(310)111))
151 511(-413(-421(321,-211)-211)423(421(-323(-311)-13,14)111)323(111(-11,11)))
152 511(-413(-421(321,-211)-211)421(-323,-13,14)323(311(310)))
153 511(-413(-421(321,-211)-211)421(-323(111)-13,14)323(111(-11,11)))
154 511(-413(-421(321,-211)-211)421(-323(-311)-13,14)323)
155 -511(-413(-421(321,-211)-211)-321,211,411(-311(310)-13,14))
156 -521(413(421(-321,211)211)-211,-421(13,-14,323(311(310)))-323(-311))
157 511(-413(-421(321,-211)-211)423(421(-323(-311)-13,14)22)323(111(-11,11)))
158 511(-413(-421(321,-211)-211)413(421(-211,-13,14)211)313(311,111(-11,11)))
159 511(-413(-421(321,-211)-211)423(421(-323,-13,14)111)323(111))
160 511(-413(-421(321,-211)-211)423(421(-323(111(-11,11))-13,14)111)323(311))
161 511(-413(-421(321,-211)-211)423(421(-323,-13,14)22)321)
162 -521(421(-13,14,-211)-413(-421(321,-211)-211)-313)
163 511(-413(-421(321,-211)-211)423(421(-323,-13,14,22,22)22)323(111))
164 511(-413(-421(321,-211)-211)421(-323(111(-11,11))-13,14)323(111))
