0 511(-413(-421(321,-211)-211)-13,14)
1 -521(413(421(-321,211)211)-211,13,-14)
2 2212(1(5(5(5(5(5(5(5(5(5(5(5(5(-513(-511(443(-13,13,22)-313)22)310)))))-3(-513(-511(443(-13,13,22)-313)22)310)3(2212,2212,523(521(-4114(-4122(113,111,-3222)211)111,211,311,3112,211,22)22)))))))))1(1))-4(-4(-4(-4(-4(-4(-4(-413(-421(321,-211)-211))))))))21(21(411(-311,-13,14,22)))1(1(-11,11))21(21(-11,11))21(21(-11,11))333(130,310)-413(-421(321,-211)-211)3(-423(-421(211,13,-14)22))-423(-421(211,13,-14)22)-1(413(421(-321,211)211))413(421(-321,211)211)2212,411(-311,-13,14,22)2(2212,2212,-11,11)-1(2212,2212,-11,11)2212,2212,-1(-11,11)21(2212,2212,310)2212,2212,2(2212)21(2212)21(2212)2212,-1(-11,11)333(113,111)21(2212,2212,523(521(-4114(-4122(113,111,-3222)211)111,211,311,3112,211,22)22))21(2212,2212)2212,2212,2212,-11,11,310,-11,11,2212)
3 -521(10423(413(421(-321,211)211))13,-14)
4 2212(21(5(5(5(5(5(5(-511(443(-13,13)-313)))))))21(21(21(-11,11,2212))21(431(-313(-311,111)323(111)))431(-313(-311,111)323(111))21(-413(-421(321,-211)-211))))4(4(4(4(4(4(4(4(4(4(4(431(-313(-311,111)323(111))))))))))))21(21(-11,11,2212))531(-10431(-431(-311,-211,111)111)-15(-13,14,-16)16)2212,2212)-4(-4(-4(-4(-4(-413(-421(321,-211)-211))))))-5(-5(531(-10431(-431(-311,-211,111)111)-15(-13,14,-16)16)2212,2212))4(4(4(431(-313(-311,111)323(111)))))4(4(431(-313(-311,111)323(111))))431(-313(-311,111)323(111))-3(-511(443(-13,13)-313))-511(443(-13,13)-313)-2,21(-413(-421(321,-211)-211))-413(-421(321,-211)-211)1(-11,11,2212)531(-10431(-431(-311,-211,111)111)-15(-13,14,-16)16)-1(333(130,310)-11,11)-11,11,2212,2212,2212)
5 2212(21(21(21(2212,2212)21(2212,2212)21(2212,2212)21(2212,2212)21(2212,2212)21(2212,2212)21(2212,2212)21(2212,2212))21(21,21,21,21,21,21))5(5(5(5(5(5(5(5(-511(443(-13,13)-313)2212))))-511(443(-13,13)-313)2212))))-5(-5(-5(-5(-5(-5(511(-413(-421(321,13,-14,22)-211)-13,14,22)))))))-3(-3(-3(-11,11,-11,11)))-3(-3(-11,11,-11,11))3(-11,11)-2(-11,11)2(511(-413(-421(321,13,-14,22)-211)-13,14,22))511(-413(-421(321,13,-14,22)-211)-13,14,22)2(-411(113,13,-14))21(-411(113,13,-14))-411(113,13,-14)413(421(-321,211)211)2212,21,1,21,3(-11,11)-2(-11,11)2212,21(2212,2212,2212,310)2212,2212,2212,333(321,-321)2212,2212,-2(-511(443(-13,13)-313)2212)-511(443(-13,13)-313)2212,1(-11,11,-11,11)310,-11,11,310,2212,-11,11,-11,11)
6 2212(21(21(21(411(-321,211,-13,14,22)2212)21(411(-321,211,-13,14,22)2212)21(411(-321,211,-13,14,22)2212)21(411(-321,211,-13,14,22)2212)21(411(-321,211,-13,14,22)2212))21(21(2212,2212,310)))4(4(4(4(4(4(4(4(4(4(411(-321,211,-13,14,22)2212))))))))423(421(-313,113)111)2212,411(-321,211,-13,14,22)2212))5(5(5(5(5(5(5(5(5(5(5(-511(443(-13,13)-313))))))))))2212,1(2212)2212,423(421(-313,113)111)2212))-5(-5(-5(-5(533(531(-531(-433(-431(223(111)-211,111)111)433(431(213(111)331(221))22)))22)))))4(4(4(4(4(411(130,211,111))))))4(4(4(4(4(4(4(423(421(-321,211)22)2212)))))))-4(-4(-4(-4(-4(-4(-4(-4(-4(-4(2212,-411(313(311,111)13,-14)))))2212,-411(313(311,111)13,-14)411(-321,211,-13,14,22)2212))))))-4(-4(-4(-4(-4(-4(-4(-411(321,-211,-211)))))))2212,-411(313(311,111)13,-14))4(4(4(4(423(421(-313,113)111)2212))))4(4(423(421(-313,113)111)2212))4(4(423(421(-321,211)22)2212))4(4(411(-321,211,-13,14,22)2212))-4(-4(-411(321,-211,-211)))5(5(5(-511(443(-13,13)-313))))5(5(-511(443(-13,13)-313)))-1(-511(443(-13,13)-313))-511(443(-13,13)-313)21,2212,1(-411(321,-211,-211))-411(321,-211,-211)1(2212)2212,2212,413(421(-321,211)211)-431(331(221(111,111,111))11,-12)2212,-411(313(311,111)13,-14)21(423(421(-313,113)111)2212)423(421(-313,113)111)2212,2212,-421(323(111)-211,111)411(-321,211,-13,14,22)2212,423(421(-321,211)22)2212,21(533(531(-531(-433(-431(223(111)-211,111)111)433(431(213(111)331(221))22)))22))533(531(-531(-433(-431(223(111)-211,111)111)433(431(213(111)331(221))22)))22)2212,-11,11,2212)
7 2212(21(21(21,21)21(21,21,21,21,21,21))4(4(4(4(4(4(4(4(4(411(310,211,111)))))411(310,211,111))))411(310,211,111)))-5(-5(-5(-5(-5(-5(-5(411(130,211,211,-211)511(443(-13,13)313))))))))-4(-4(-4(-4(-413(-421(321,-211)-211)))))4(4(411(310,211,111)))411(130,211,211,-211)511(443(-13,13)313)-413(-421(321,-211)-211)21(333(321,-321)333(130,310)-431(-213(111)221(111))310)333(321,-321)333(130,310)-431(-213(111)221(111))2212,2212,21,21(2212)21(2212)2212,411(310,211,111)2212,2212,310,2212,2212)
8 2212(21(5(5(5(5(5(5(5(5(-523(-521(113,4122(3224(111)313)-2224)22)))))))))-5(-5(-5(-5(-5(-5(-5(-5(-5(511(443(-13,13,22)313)))))))))))4(4(4(4(4(423(421(-321,-11,12)111))))))-4(-4(-4(-4(-4(-4(-413(-421(321,-211,22)-211)2212)))))-411(313,111,-211,22)310)4(4(4(4(4(4(4(4(413(411(323(311)310)111))))-411(313,111,-211,22))))))-5(-5(511(443(-13,13,22)313)))2,2(511(443(-13,13,22)313))511(443(-13,13,22)313)-523(-521(113,4122(3224(111)313)-2224)22)1(-11,11)21(310)21(310)1(2212)2212,21(423(421(-321,-11,12)111))-1(423(421(-321,-11,12)111))423(421(-321,-11,12)111)21(-411(313,111,-211,22))-411(313,111,-211,22)21(-413(-421(321,-211,22)-211)2212)-413(-421(321,-211,22)-211)413(411(323(311)310)111)310,310,2212,2212)
9 2212(5(-3(-3(333(130,310)))5(5(5(5(5(5(5(5(-511(443(-13,13)-313)-413(-421(321,-211,22)-211)-11,11)))))))4(4(4(4(4(421(20213(113)-321)2212,-11,11)))))-4(-4(-4(-511(443(-13,13)-313)-413(-421(321,-211,22)-211)-11,11)))333(130,310)421(20213(113)-321)2212,-11,11))-5(-5(-5(-5(-5(523(521(-421(321,11,-12)211,-213(111)2214,-2112)22)310)))))-5(-5(523(521(-421(321,11,-12)211,-213(111)2214,-2112)22)310))5(5(-511(443(-13,13)-313)-413(-421(321,-211,22)-211)-11,11))21,-511(443(-13,13)-313)-413(-421(321,-211,22)-211)333(130,310)2212,21(421(20213(113)-321)2212,-11,11)421(20213(113)-321)2212,1(523(521(-421(321,11,-12)211,-213(111)2214,-2112)22)310)523(521(-421(321,11,-12)211,-213(111)2214,-2112)22)21(2212,2212,2212,310)2212,2212,-11,11,-11,11,310,2212,310,2212)
10 2212(21(21(21(2212,310)21(2212,310)21(2212,310)21(2212,310)21(2212,310)21(2212,310)21(2212,310)21(2212,310)21(2212,310)21(2212,310))21(21(5(5(5(5(5(-511(443(-13,13,22)-313)310)))))-5(-5(-5(-5(-5(-5(-5(-5(-5(-5(421(-321,211,22)2212,521(311,-413(-421(321,-211)-211)211,213(111)))))))))))))))-4(-4(-4(-4(-4(-4(-4(-413(-411(310,-211,-211,211,22)22)))))))2212,2212,2212,310)4(4(4(4(4(421(-321,211,22)2212,521(311,-413(-421(321,-211)-211)211,213(111)))))))-5(-5(-5(421(-321,211,22)2212,521(311,-413(-421(321,-211)-211)211,213(111)))))-5(-5(421(-321,211,22)2212,521(311,-413(-421(321,-211)-211)211,213(111))))-4(-4(-413(-411(310,-211,-211,211,22)22)))21(2212,310)21(2212,310)1,2212,1(-413(-411(310,-211,-211,211,22)22))-413(-411(310,-211,-211,211,22)22)21(421(-321,211,22)2212,521(311,-413(-421(321,-211)-211)211,213(111)))421(-321,211,22)2212,521(311,-413(-421(321,-211)-211)211,213(111))21(2212)2212,2212,21,21,1(-511(443(-13,13,22)-313)310)3(-511(443(-13,13,22)-313)310)-511(443(-13,13,22)-313)2212,2212,2212,2212,310,310)
11 2212(21(21(21(21(2212,-11,11))21(2212,-11,11)21(2212,-11,11))21(21(1(2212)-1(2212,-11,11))21(2212,-11,11)21(2212,-11,11)))5(5(5(5(5(5(5(5(5(-511(443(-13,13)-313)2212))))))))21(2212,2212,310)2212,2212,310)-5(-5(-5(-5(-5(-5(-5(-5(-5122(-14122(-4212(-4122(-3222,111)111)111)-11,12,22)))))))))-4(-4(-4(-4(-4(-4(-4(-413(-421(223(111)310)-211))))))2212,-4132(-3212,313)2212,-11,11))-4(-4(-4(-4(-4132(-3212,313)))))4(4(4(413(421(-321,211)211))))4(4(4(4(4(413(421(213(111)-211,22)211))))))1(1(-511(443(-13,13)-313)2212))21(21(2212,-11,11))-4(-4(-4132(-3212,313)))2212,1(-4132(-3212,313))-4132(-3212,313)413(421(-321,211)211)413(421(213(111)-211,22)211)-413(-421(223(111)310)-211)1,21,21,2(2212,-11,11)21(2212,-11,11)2(-11,11)-2(-11,11)2212,2212,2(-5122(-14122(-4212(-4122(-3222,111)111)111)-11,12,22))-5122(-14122(-4212(-4122(-3222,111)111)111)-11,12,22)2(-511(443(-13,13)-313)2212)-511(443(-13,13)-313)2212,2212,-11,11,310)
12 2212(-5(21(21(310)21(310)21(310)21(310)21(310)21(310)21(310)21(-413(-421(321,-211)-211)2212)21(-413(-421(321,-211)-211)2212)21(-413(-421(321,-211)-211)2212)-413(-421(321,-211)-211)2212)-5(-5(-5(-5(-5(-5(-5(-5(-5(-5(511(443(-13,13,22,22)313)))))511(443(-13,13,22,22)313))))21,-2(333(130,310)2212)333(130,310)2212))))5(5(5(5(5(5(5(-523(-521(423(421(310,221)111)15(-211,-211,211,16)-16)22)2212,2212)))))))-4(-4(-4(-4(-4(-4(-4(-413(-421(321,-211)-211)2212)))))))2(2(511(443(-13,13,22,22)313)))4(4(413(421(-321,211,111)211)2212))5(5(-523(-521(423(421(310,221)111)15(-211,-211,211,16)-16)22)2212,2212))21(310)21,413(421(-321,211,111)211)2212,511(443(-13,13,22,22)313)21,21(-523(-521(423(421(310,221)111)15(-211,-211,211,16)-16)22)2212,2212)-1(-523(-521(423(421(310,221)111)15(-211,-211,211,16)-16)22)2212,2212)-523(-521(423(421(310,221)111)15(-211,-211,211,16)-16)22)2212,-2(333(130,310)2212)333(130,310)2212,21(-413(-421(321,-211)-211)2212)-413(-421(321,-211)-211)21(2212)21(310)2212,2212,2212,310,2212,310,2212)
13 2212(3(21(21(5(5(5(-521(413(421(-321,211)211)1114,-2214(111))333(-213,211))))-5(-5(-5(-5(511(443(-13,13,22,22)313)310,2212))))))3(3(3(511(443(-13,13,22,22)313)310,2212)511(443(-13,13,22,22)313)310,2212)))511(443(-13,13,22,22)313)-521(413(421(-321,211)211)1114,-2214(111))333(-213,211)333(321,-321)310,2212,2212)
14 2212(5(21(21(413(421(-321,211)211))21(-411(313(311,111)-20213(-213(111)111(-11,11)))-11,11,310)21(-411(313(311,111)-20213(-213(111)111(-11,11)))-11,11,310)21(-411(313(311,111)-20213(-213(111)111(-11,11)))-11,11,310))5(5(5(5(5(5(5(5(-511(443(-13,13,22,22)-313)2212)))))))))-5(-5(-5(-5(-5(-5(-5(521(-423(-421(310,111,111(-11,11))111)431(213(111)311))310)))))))4(4(4(4(4(4(413(411(-321,211,211)22)))))))-4(-4(-4(-4(-4(-4(-411(313(311,111)-20213(-213(111)111(-11,11)))-11,11,310))))))4(4(4(4(413(421(-321,211)211)))))-4(-4(-411(313(311,111)-20213(-213(111)111(-11,11)))-11,11,310))-4(-4(-4(-411(313,11,-12,22))))2(2(-411(313,11,-12,22)))3(3(3(521(-423(-421(310,111,111(-11,11))111)431(213(111)311))310)))3(3(-11,11))-2(-2(-11,11))5(5(-511(443(-13,13,22,22)-313)2212))-3(-3(-511(443(-13,13,22,22)-313)2212))413(421(-321,211)211)413(411(-321,211,211)22)-411(313,11,-12,22)521(-423(-421(310,111,111(-11,11))111)431(213(111)311))2212,21,1(310)3(2212,-11,11)-3(2212,-11,11)2212,-511(443(-13,13,22,22)-313)2212,3(-411(313(311,111)-20213(-213(111)111(-11,11)))-11,11,310)21(-411(313(311,111)-20213(-213(111)111(-11,11)))-11,11,310)21(-411(313(311,111)-20213(-213(111)111(-11,11)))-11,11,310)-411(313(311,111)-20213(-213(111)111(-11,11)))2(2212)2212,1(2212,2212,333(321,-321)2212)21(2212,2212,333(321,-321)2212)21(2212,2212,333(321,-321)2212)2212,2212,333(321,-321)310,310,-11,11,-11,11,-11,11,310,2212)
15 2212(21(-3(-3(-3(413(421(-321,211)211))413(421(-321,211)211)))21(21(2212,2212)21(2212,2212)21(2212,2212)21(2212,2212)21(2212,2212)21(310,310)21(310,310)))-5(-5(-5(-5(-5(-5(511(443(-13,13)313)))))-421(323(311)-213(111))))-4(-4(-4(-4(-4(-4(-421(323(311)-213(111)))))))-3(-3(333(321,-321)-11,11)))4(4(4(4(413(421(-321,211)211)))))21(21(511(443(-13,13)313)))-3(-3(-3(333(321,-321)-11,11)))-3(-3(-523(-521(423(421(130,331)111)-423(-421(310,211,-211,111)22)-323(-311))22)-11,11))5(5(-523(-521(423(421(130,331)111)-423(-421(310,211,-211,111)22)-323(-311))22)-11,11))2(2212)-421(323(311)-213(111))3(333(321,-321)-11,11)333(321,-321)-3(413(421(-321,211)211))413(421(-321,211)211)-523(-521(423(421(130,331)111)-423(-421(310,211,-211,111)22)-323(-311))22)2(511(443(-13,13)313))511(443(-13,13)313)2(2212,2212)21(2212,2212)21(2212,2212)2212,2212,21(310,310)21(310,310)2212,21(2212)21(2212)21,2212,2212,2212,-11,11,-11,11,2212,310,2212,310,310,2212)
16 2212(5(5(5(21(21(21(-511(511(443(-13,13)313))333(130,310)2212))21(-511(511(443(-13,13)313))333(130,310)2212)21(-511(511(443(-13,13)313))333(130,310)2212)21(-511(511(443(-13,13)313))333(130,310)2212)21(-511(511(443(-13,13)313))333(130,310)2212)21(-511(511(443(-13,13)313))333(130,310)2212)21(-511(511(443(-13,13)313))333(130,310)2212)21(-511(511(443(-13,13)313))333(130,310)2212)21(-511(511(443(-13,13)313))333(130,310)2212))5(5(5(5(5(5(5(5(5(5(-511(511(443(-13,13)313))333(130,310)2212))))-511(511(443(-13,13)313))333(130,310)2212))))))))-11,11)-5(-5(-5(-5(-5(523(521(-4122(-211,223(111)-3212)2212,211,211,-211)22))))))-4(-4(-4(-421(130,221(111)111))))4(4(4(413(421(-321,211,22)211))))1(1(223(-13,13)2212,2212))21(21(223(-13,13)2212,2212))523(521(-4122(-211,223(111)-3212)2212,211,211,-211)22)3,413(421(-321,211,22)211)21(-421(130,221(111)111))-421(130,221(111)111)1(2212)2212,2212,1(2212)1(-11,11)21(-11,11)-2(-11,11)-2(223(-13,13)2212,2212)223(-13,13)2212,2203(-511(511(443(-13,13)313))333(130,310)2212)2212,-11,11,2212)
17 2212(21(21(21(433(431(333(130,310)213(111))111(-11,11))513(511(-511(443(-13,13)-313))22))21(433(431(333(130,310)213(111))111(-11,11))513(511(-511(443(-13,13)-313))22))21(433(431(333(130,310)213(111))111(-11,11))513(511(-511(443(-13,13)-313))22))21(433(431(333(130,310)213(111))111(-11,11))513(511(-511(443(-13,13)-313))22))21(433(431(333(130,310)213(111))111(-11,11))513(511(-511(443(-13,13)-313))22))21(433(431(333(130,310)213(111))111(-11,11))513(511(-511(443(-13,13)-313))22)))21(21(5(5(5(5(5(-511(413(421(-323(-311)-13,14)211)-433(-431(331(113)-211,111)22))))))-511(413(421(-323(-311)-13,14)211)-433(-431(331(113)-211,111)22)))-5(-5(-5(-5(-5(-5(433(431(333(130,310)213(111))111(-11,11))513(511(-511(443(-13,13)-313))22))))))))))4(4(4(4(4(4(4(4(421(-313,223(111))2212,-411(313(311,111)11,-12))))21(21(421(-313,223(111))2212,-411(313(311,111)11,-12)))413(421(-323(-311)-11,12,22,22)211))))))-4(-4(-4(-4(-4(-4(411(333(321,-321)211,111)-413(-421(323(311(310))-213(111))-211)310))))))4(4(4(4(4(4(4(4(4(4(4(4122(111,213(111)3212)-413(-421(321,13,-14)-211))))))2212,2212,413(421(-323(-311)-11,12,22,22)211))))))2212,2212,2212,-2(413(421(-323(-311)-11,12,22,22)211))413(421(-323(-311)-11,12,22,22)211))-4(-4(-4(-4(-4(-4(-4(-4(-4(-4(421(-313,223(111))2212,-411(313(311,111)11,-12)))))2212,2212,413(421(-323(-311)-11,12,22,22)211))))2212,2212)))-4(-4(-4(-4(4122(111,213(111)3212)-413(-421(321,13,-14)-211)))))4(4(4(4(411(333(321,-321)211,111)-413(-421(323(311(310))-213(111))-211)310))))-4(-4(-4(-4(-4(-411(313,13,-14))))))4(4(4(4(4(4(4(433(431(333(130,310)213(111))111(-11,11))513(511(-511(443(-13,13)-313))22))))411(333(321,-321)211,111)-413(-421(323(311(310))-213(111))-211)2212,2212,310))))-4(-4(-413(-421(321,-211)-211)))-4(-4(-411(313,13,-14)))4(4(411(333(321,-321)211,111)-413(-421(323(311(310))-213(111))-211)310))21(21(421(-313,223(111))2212,-411(313(311,111)11,-12)))333(211,-211,111,22)-413(-421(321,-211)-211)421(-313,223(111))2212,-411(313(311,111)11,-12)411(333(321,-321)211,111)-413(-421(323(311(310))-213(111))-211)2212,2212,2212,413(421(-323(-311)-11,12,22,22)211)21(-511(413(421(-323(-311)-13,14)211)-433(-431(331(113)-211,111)22)))-2(-511(413(421(-323(-311)-13,14)211)-433(-431(331(113)-211,111)22)))-511(413(421(-323(-311)-13,14)211)-433(-431(331(113)-211,111)22))1(-411(313,13,-14))21(-411(313,13,-14))-411(313,13,-14)2212,2212,-3(-11,11)310,2212)
18 2212(21(-5(-5(-5(-5(-5(-5(-5(-5(-5(511(443(-13,13,22)313))))))))))21(21,21,21,21,21))-4(-4(-4(-4(-4(-4(-4(-4(-4(-4(-4(-4(433(431(333(321,-321)213(111))22)-421(310,211,-211)-11,11)))))))))433(431(333(321,-321)213(111))22)-421(310,211,-211)-11,11)-523(-521(423(421(-321,-11,12)22)11,-12,22)22)310))4(4(4(413(421(-321,211)211))))4(4(4(4(4(433(431(333(321,-321)213(111))22)-421(310,211,-211)-11,11)))2212))-4(-4(-413(-421(310,111,111)-211)))-5(-5(-5(511(443(-13,13,22)313))))-5(-5(511(443(-13,13,22)313)))-413(-421(310,111,111)-211)413(421(-321,211)211)2(511(443(-13,13,22)313))511(443(-13,13,22)313)333(130,310)433(431(333(321,-321)213(111))22)-421(310,211,-211)-523(-521(423(421(-321,-11,12)22)11,-12,22)22)21,21,2212,21(2212,2212,2212,2212,310)2212,2212,2212,2212,2212,-11,11,2212,310,310)
19 2212(2(5(5(5(5(5(5(5(5(5(5(5(5(-513(-511(443(-13,13,22,22)-313)22))))))))-2(-513(-511(443(-13,13,22,22)-313)22))2(2212,-11,11,-11,11,-11,11)2212,-11,11,-11,11,-11,11))))2212,-11,11,-11,11,-11,11)2(2(2(2212)2212)))-4(-4(-4(-4(-4(-421(211,-211,211,-211,111,22))))))4(4(4(4(4(4(413(421(-321,211)211)333(321,-321)-423(-421(323(311(310))13,-14)22)))))413(421(-321,211)211)333(321,-321)-423(-421(323(311(310))13,-14)22)))-4(-4(-4(-4(-4(-4(-4(-4(-4(-4(413(421(-321,211)211)333(321,-321)-423(-421(323(311(310))13,-14)22))))22)4(4(413(421(-321,211)211)333(321,-321)-423(-421(323(311(310))13,-14)22)))421(130,221)-413(-421(323(311)-213(111))-211)-423(-421(321,13,-14)111)2212,2212))))))4(4(4(4(4(4(4(413(411(-20313(-323(-311))211)111)310))))))2212,413(421(-321,211)211)333(321,-321)-423(-421(323(311(310))13,-14)22)-423(-421(321,13,-14)111)2212,2212)-4(-4(-4(-4(-4(-4(-423(-421(321,13,-14)111)2212,2212))))))4(4(4(4(4(411(-311,-11,12))))))4(4(4(4(421(130,221)-413(-421(323(311)-213(111))-211)))))-4(-4(-4(421(130,221)-413(-421(323(311)-213(111))-211))))22,1(1(-423(-421(321,13,-14)111)2212,2212))-3(-3(2212,-11,11,-11,11,-11,11))-1(2212)2212,421(130,221)-413(-421(323(311)-213(111))-211)21(413(411(-20313(-323(-311))211)111)310)413(411(-20313(-323(-311))211)111)-421(211,-211,211,-211,111,22)413(421(-321,211)211)333(321,-321)-423(-421(323(311(310))13,-14)22)-423(-421(321,13,-14)111)21(411(-311,-11,12))-3(411(-311,-11,12))411(-311,-11,12)2212,21,310,2212,2212,2212,-11,11,-11,11,-11,11,2212)
20 2212(21(5(5(5(5(5(-511(413(421(-10323,211)211)13,-14)2212,2212,-11,11)))))-5(-5(-5(-5(-5(511(443(-13,13,22)313)310))))))-4(-4(-4(-4(-4(-4(-4(-4(-4(-4(-4(-413(-421(321,-211)-211)))))411(-311,-11,12,22)2212,2212)))))411(-311,-11,12,22)2212,-511(413(421(-10323,211)211)13,-14)2212,2212,2212,-11,11))4(4(4(4(4(4(411(-311,-11,12,22)2212,2212))))))445(445(445(445(223(111)-213(111)211))))-4(-4(-4(-411(311,13,-14))))-2(-2(2212,-11,11,2212))2(2(511(443(-13,13,22)313)310))5(5(-511(413(421(-10323,211)211)13,-14)2212,2212,-11,11))-413(-421(321,-211)-211)511(443(-13,13,22)313)2212,21(411(-311,-11,12,22)2212,2212)411(-311,-11,12,22)2212,1(-11,11)-2(-11,11)-1(-511(413(421(-10323,211)211)13,-14)2212,2212,-11,11)-511(413(421(-10323,211)211)13,-14)2212,2212,2212,2(-11,11)-3(-11,11)2(2212,-11,11,2212)310,310,2212,2212,2212,-11,11,2212,310,2212,-11,11,2212)
21 2212(1(21(21(4(4(4(4(4(4(411(310,310,321)))))))-4(-4(-4(-4(-4(-4(-413(-421(321,-211)-211)-11,11)))))))21,21(411(310,310,321))21(411(310,310,321)))1(1(-431(333(130,310)-211))))-4(-4(-4(-4(-4(-4(-4(-4(-4(-4(-4(-431(333(130,310)-211)))))))))310)))4(4(4(423(421(20213(113)-321)111))))-4(-4(-413(-421(321,-211)-211)-11,11))4(423(421(20213(113)-321)111))4(4(411(310,310,321)))-2(-523(-521(423(421(-321,211)111(-11,11))11,-12)22))423(421(20213(113)-321)111)21,1(-431(333(130,310)-211))-431(333(130,310)-211)21(411(310,310,321))21(411(310,310,321))-3(411(310,310,321))411(310,310,321)1(511(443(-13,13,22)313)2212,-11,11)511(443(-13,13,22)313)2212,2212,1(-413(-421(321,-211)-211)-11,11)-413(-421(321,-211)-211)310,310,2212,-11,11,-11,11,2212,2212)
22 2212(21(5(5(5(5(5(5(5(5(5(-511(443(-13,13)-313)310)))))))))21(21,21,21,21(2212)21(2212)))-4(-4(-4(-4(-4(-4(-4(-4(-4(-4(-4(-413(-421(310,331(221(111)))-211))))))))))310,2212))4(4(4(4(413(421(-311,111,111,111)211)2212))))-4(-4(-4(-4(-413(-421(310,331(221(111)))-211)))))-4(-4(-4(-413(-421(310,331(221(111)))-211))))-4(-4(-413(-421(310,331(221(111)))-211)))21(21(513(511(-20413(-423(-421(321,-211,111)22))433(431(333(130,310)211,-211,211,22)22))22)-11,11))21(21(513(511(-20413(-423(-421(321,-211,111)22))433(431(333(130,310)211,-211,211,22)22))22)-11,11))5(5(-511(443(-13,13)-313)310))2212,423(421(310,211,-211)111)-413(-421(321,-211)-211)-511(443(-13,13)-313)21,2212,21,1,2212,2212,21(413(421(-311,111,111,111)211)2212)413(421(-311,111,111,111)211)-413(-421(310,331(221(111)))-211)21(2212)21(2212)21(2212)2212,1(513(511(-20413(-423(-421(321,-211,111)22))433(431(333(130,310)211,-211,211,22)22))22)-11,11)513(511(-20413(-423(-421(321,-211,111)22))433(431(333(130,310)211,-211,211,22)22))22)310,310,2212,2212,310,2212,-11,11)
23 2212(-5(21(21(21(2212,310)2212,310)21(21(-3,3(2212))21(2212)21(2212)21(2212)21(2212)))-5(-5(-5(-5(-5(-5(-5(-5(-5(-5(-5(511(443(-13,13)313)-11,11))))511(443(-13,13)313)-11,11)))3(3(511(443(-13,13)313)-11,11))511(443(-13,13)313)2212,-11,11,310)))))5(5(5(5(5(5(5(5(5(-531(-211,-213(111)113,413(421(-321,211)211)321))))))))))4(4(4(413(421(-323(-311)-11,12,22)211))))-4(-4(-4(-4(-4(-4(-4(-411(321,-211,-211,111,111)))))))-531(-211,-213(111)113,413(421(-321,211)211)321)333(130,310)511(443(-13,13)313)413(421(-323(-311)-11,12,22)211)2212,-11,11,310)3(3(511(443(-13,13)313)-11,11))-3,-531(-211,-213(111)113,413(421(-321,211)211)321)333(130,310)-411(321,-211,-211,111,111)511(443(-13,13)313)2212,-2(413(421(-323(-311)-11,12,22)211))413(421(-323(-311)-11,12,22)211)2212,21(2212)21(2212)21(2212)2212,2212,-11,11,310)
24 2212(5(5(21(21(21(-413(-421(321,-211)-211)-11,11))21(-413(-421(321,-211)-211)-11,11)21(-413(-421(321,-211)-211)-11,11)21(-413(-421(321,-211)-211)-11,11)21(-413(-421(321,-211)-211)-11,11)21(-413(-421(321,-211)-211)-11,11)21(-413(-421(321,-211)-211)-11,11)21(-413(-421(321,-211)-211)-11,11)21(-413(-421(321,-211)-211)-11,11))5(5(5(5(5(5(5(5(5(5(5(-513(-511(443(-13,13)-313)22)2212,-421(321,-211,331(111,111,221(111))))))))))))))))-5(-5(-5(-5(-5(-5(-5(523(521(-423(-421(-20213(-213(111)111)321)111)-13,14)22))))))))4(4(4(4(4(4(4(4(4(411(-311(310)-13,14))))))))))-3(-3(421(-323(-311)-13,14)))2(2(523(521(-423(-421(-20213(-213(111)111)321)111)-13,14)22)))-1(-1(411(-311(310)-13,14)))2212,411(-311(310)-13,14)421(-323(-311)-13,14)523(521(-423(-421(-20213(-213(111)111)321)111)-13,14)22)-513(-511(443(-13,13)-313)22)2212,-421(321,-211,331(111,111,221(111)))1(2212,-11,11)2(-11,11)21(-11,11)-2(-11,11)2212,21(-11,11)1(-11,11)2(-11,11)2(-413(-421(321,-211)-211)-11,11)21(-413(-421(321,-211)-211)-11,11)-413(-421(321,-211)-211)310,2212,-11,11,310,310,-11,11,-11,11)
25 2212(5(21(21(21(-511(443(-13,13)-313)2212)21(-511(443(-13,13)-313)2212)21(-511(443(-13,13)-313)2212))21(21(2212,310)21(2212,310)21(2212,310)21(2212,310)))5(5(5(5(5(5(5(5(5(-511(443(-13,13)-313)2212))))))))))-5(-5(-5(-5(-5(-5(-5(2212,2212,511(-413(-421(321,-211)-211)211,113,213(111)-211,213(111)-211,22)-11,11)))))))-5(-5(2212,2212,511(-413(-421(321,-211)-211)211,113,213(111)-211,213(111)-211,22)-11,11))5(5(-511(443(-13,13)-313)2212))2212,1(2212,2212,511(-413(-421(321,-211)-211)211,113,213(111)-211,213(111)-211,22)-11,11)2212,2212,511(-413(-421(321,-211)-211)211,113,213(111)-211,213(111)-211,22)21(-511(443(-13,13)-313)2212)2101(-511(443(-13,13)-313)2212)-511(443(-13,13)-313)2212,21(2212,310)2212,-11,11,2212,310,2212,2212)
26 2212(5(21(21(2212,-421(321,13,-14))21(2212,-421(321,13,-14)))5(5(5(5(5(5(5(5(5(-513(-511(443(-13,13)-313)22)-11,11))))))))))-5(-5(-5(-5(-5(521(-423(-421(313,211,-211,111)111)223(111)211)2212)))))-4(-4(-4(-4(-4(-4(-4(-4(-4(2212,-421(321,13,-14))))))))))4(4(4(4(4(4(4(413(421(-321,211,22,22)211))))))))4(4(4(4(4(4(4(4(421(-323(-311)-13,14)333(213,-211)2212))))521(-423(-421(313,211,-211,111)111)223(111)211)2212))))-4(-4(-4(-421(321,-211,221(111,111,111)))))-4(-4(2212,-421(321,13,-14)))5(5(-513(-511(443(-13,13)-313)22)-11,11))413(421(-321,211,22,22)211)-1(-513(-511(443(-13,13)-313)22)-11,11)-513(-511(443(-13,13)-313)22)2(2212,-421(321,13,-14))21(2212,-421(321,13,-14))2212,-421(321,13,-14)521(-423(-421(313,211,-211,111)111)223(111)211)421(-323(-311)-13,14)333(213,-211)2212,-421(321,-211,221(111,111,111))2212,-11,11,2212)
27 511(-10413(-413(-421(321,-211)-211)111)-13,14,22)
28 531(-10433(-413(-421(321,-211)-211)-311)-13,14)
29 -531(413(421(-321,211)211)-431(221(111)13,-14))
30 2212(5(21(21(333(321,-321,22)2212,2212,333(321,-321)2212)21(333(321,-321,22)2212,2212,333(321,-321)2212)21(333(321,-321,22)2212,2212,333(321,-321)2212)21(333(321,-321,22)2212,2212,333(321,-321)2212)21(333(321,-321,22)2212,2212,333(321,-321)2212)21(333(321,-321,22)2212,2212,333(321,-321)2212)21(333(321,-321,22)2212,2212,333(321,-321)2212)21(333(321,-321,22)2212,2212,333(321,-321)2212)21(333(321,-321,22)2212,2212,333(321,-321)2212)21(333(321,-321,22)2212,2212,333(321,-321)2212)21(333(321,-321,22)2212,2212,333(321,-321)2212)21(333(321,-321,22)2212,2212,333(321,-321)2212))5(5(5(5(5(5(5(5(-511(511(443(-13,13)313))))))21(-511(511(443(-13,13)313))))))))-5(-5(-5(-5(-5(-5(523(521(-423(-421(321,11,-12)22)211,111)22)))))))-4(-4(-4(-4(-4(-4(2212,-413(-421(321,-211,22,22)-211)))))))10441(10441(10441(10441(211,-2224,211,2114(2212)))))411(-311(310)-13,14,22)1(523(521(-423(-421(321,11,-12)22)211,111)22))-2,21,2212,-413(-421(321,-211,22,22)-211)21(2212)21(2212)2212,21(333(130,310))333(130,310)333(321,-321,22)2212,2212,333(321,-321)21(2212,2212)2212,2212,2212,2212)
31 2212(21(5(5(5(5(5(5(5(5(5(5(-513(-511(443(-13,13)-313)22)))))21(-513(-511(443(-13,13)-313)22))-513(-511(443(-13,13)-313)22)))))21(-513(-511(443(-13,13)-313)22))-513(-511(443(-13,13)-313)22)))21(21(2(2(511(413(421(-321,211)211)311,-411(311(310)13,-14))))-2(-513(-511(443(-13,13)-313)22))21(511(413(421(-321,211)211)311,-411(311(310)13,-14)))511(413(421(-321,211)211)311,-411(311(310)13,-14)))))2(-11,11)-1(-11,11)511(413(421(-321,211)211)311,-411(311(310)13,-14))1(2212)2212,-11,11)
32 2212(-5(21(21(413(411(111,-13,14)111)333(-213,211))21(413(411(111,-13,14)111)333(-213,211))21(413(411(111,-13,14)111)333(-213,211))21(413(411(111,-13,14)111)333(-213,211)))-5(-5(-5(-5(-5(-5(-5(513(511(443(-13,13)313)22)310))))))))5(5(5(5(5(5(5(5(-523(-521(-433(-431(333(321,-321)-213(111))22)411(-323(111)211,211)-211,111)22)2212,-423(-421(321,-321,211,-211,111)111)))))))))4(4(4(4(4(4(4(4(4(4(4(433(431(223(111)211,211,-211)22)-433(-431(333(130,310)11,-12)22))))))21(-523(-521(-433(-431(333(321,-321)-213(111))22)411(-323(111)211,211)-211,111)22)2212,-423(-421(321,-321,211,-211,111)111))))21(21(513(511(443(-13,13)313)22)310))-523(-521(-433(-431(333(321,-321)-213(111))22)411(-323(111)211,211)-211,111)22)2212,-423(-421(321,-321,211,-211,111)111)513(511(443(-13,13)313)22)413(411(111,-13,14)111)333(-213,211)310))513(511(443(-13,13)313)22)21(413(411(111,-13,14)111)333(-213,211))413(411(111,-13,14)111)333(-213,211)310))-4(-4(-4(-4(-4(-4(-4(-4(-4(-4(-4(433(431(223(111)211,211,-211)22)-433(-431(333(130,310)11,-12)22))))))))))413(411(111,-13,14)111)333(-213,211)))-4(-4(-4(-523(-521(-433(-431(333(321,-321)-213(111))22)411(-323(111)211,211)-211,111)22)2212,-423(-421(321,-321,211,-211,111)111))))4(4(4(4(413(421(-313,223(111))211)))))4(4(4(4(413(411(111,-13,14)111)333(-213,211)))))-4(-4(-4(-4(-413(-421(321,-211)-211)))))-5(-5(513(511(443(-13,13)313)22)310))4(4(433(431(223(111)211,211,-211)22)-433(-431(333(130,310)11,-12)22)))-4(-4(433(431(223(111)211,211,-211)22)-433(-431(333(130,310)11,-12)22)))5(5(-523(-521(-433(-431(333(321,-321)-213(111))22)411(-323(111)211,211)-211,111)22)2212,-423(-421(321,-321,211,-211,111)111)))413(421(-313,223(111))211)-413(-421(321,-211)-211)-2(2212)433(431(223(111)211,211,-211)22)-433(-431(333(130,310)11,-12)22)21(-523(-521(-433(-431(333(321,-321)-213(111))22)411(-323(111)211,211)-211,111)22)2212,-423(-421(321,-321,211,-211,111)111))-523(-521(-433(-431(333(321,-321)-213(111))22)411(-323(111)211,211)-211,111)22)2212,-423(-421(321,-321,211,-211,111)111)2(513(511(443(-13,13)313)22)310)513(511(443(-13,13)313)22)21(413(411(111,-13,14)111)333(-213,211))21(413(411(111,-13,14)111)333(-213,211))21(413(411(111,-13,14)111)333(-213,211))2101(413(411(111,-13,14)111)333(-213,211))413(411(111,-13,14)111)333(-213,211)2212,310)
33 511(-413(-421(321,-211,22)-211)411(-313(-311,111)-13,14)113)
34 2212(21(21(21(2212)21(2212)21(2212)21(2212)21(2212)21(2212)21(2212)21(2212)21(2212,310,310,-11,11)21(2212,310,310,-11,11))21(21(1(2212)2212)21(2212)21(2212)21(2212)21(2212)))445(445(445(445(111,111,211,3112,-3212))))1(1(-11,11))2(2(511(411(-313,-13,14)-413(-421(321,-211)-211)313)-11,11))-1(-1(2212,310,310,-11,11))5(5(-513(-511(443(-13,13,22)-313)22)-11,11))-1(-11,11)511(411(-313,-13,14)-413(-421(321,-211)-211)313)-3,-513(-511(443(-13,13,22)-313)22)-2(-11,11)2212,21(333(130,310)2212)21(333(130,310)2212)21(333(130,310)2212)333(130,310)2212,21(2212)2212,21(2212)21(2212)21(2212)2212,2212,-1,2(2212,310,310,-11,11)21(2212,310,310,-11,11)2212,-11,11,-11,11,-11,11,-11,11,310,310,-11,11,2212)
35 2212(21(21(21(413(421(-321,211)211))21(2212,-411(130,-211,111))21(2212,-411(130,-211,111))21(2212,-411(130,-211,111))21(2212,-411(130,-211,111))21(2212,-411(130,-211,111)))21(21(-5(-5(-5(-5(-5(-5(413(421(-321,211,111,22)211)513(511(443(-13,13)313)22)))))))5(5(5(5(5(5(5(5(5(-521(421(113,113)-413(-411(311,13,-14)111)-311)))))))))))))4(4(4(4(4(4(4(4(4(413(421(-321,211)211))))))))5(5(-521(421(113,113)-413(-411(311,13,-14)111)-311)))21(2212,-411(130,-211,111))-521(421(113,113)-413(-411(311,13,-14)111)-311)))-4(-4(-4(-4(-4(-4(-4(-4(-4(-4(-4(-4(-4(2212,-411(321,-211,-211,22))))))))))))-5(-5(413(421(-321,211,111,22)211)513(511(443(-13,13)313)22)))21(2212,-411(130,-211,111))2212,-411(130,-211,111)-521(421(113,113)-413(-411(311,13,-14)111)-311)))-4(-4(-4(-4(-423(-421(310,211,-211)22)))))4(4(4(4(4(4(413(421(-321,211,111,22)211)513(511(443(-13,13)313)22)))))))4(4(4(4(4(411(333(321,-321)211,111))))))-4(-4(-4(2212,-411(130,-211,111))))-4(-4(2212,-411(321,-211,-211,22)))4(4(411(333(321,-321)211,111)))-423(-421(310,211,-211)22)411(333(321,-321)211,111)413(421(-321,211)211)413(421(-321,211,111,22)211)513(511(443(-13,13)313)22)2212,-411(130,-211,111)-521(421(113,113)-413(-411(311,13,-14)111)-311)2(-11,11)2(-11,11)2(-11,11)2212,2212,-411(321,-211,-211,22)2212)
36 2212(2(5(5(5(5(-513(-511(443(-13,13,22)-313)22)-11,11))))2(2,21(-413(-421(321,-211,111)-211))-413(-421(321,-211,111)-211)))-4(-4(-4(-4(-4(-4(-4(-413(-421(321,-211,111)-211))))))))4(4(4(4(4(411(-313(-311,111)-13,14)2212)))))-1(-1(-513(-511(443(-13,13,22)-313)22)-11,11))-2(411(-313(-311,111)-13,14)2212)-413(-421(321,-211,111)-211)2(511(-413(-421(321,-211)-211)-13,14,22))511(-413(-421(321,-211)-211)-13,14,22)2212,-513(-511(443(-13,13,22)-313)22)2212,2212,-11,11)
37 2212(-5(2(2(2(2212)2212,3(333(321,-321)511(-511(443(-13,13,22)-313)))))-5(-5(-5(-5(-5(-5(-5(-5(-5(333(321,-321)511(-511(443(-13,13,22)-313))))))))))))5(5(5(5(5(5(-511(413(411(-311(310)-13,14)111)-433(-431(211,211,-211,-211,-211,111)22))2212,2212,-11,11))))))4(4(4(4(413(411(111,-13,14)111)))))-4(-4(-4(-4(-4(413(421(-321,211)211)2212,-413(-421(323(311)-213(111))-211))))))4(4(4(4(4(4(413(421(-321,211)211)2212,-413(-421(323(311)-213(111))-211)))))))-4(-4(413(421(-321,211)211)2212,-413(-421(323(311)-213(111))-211)))-5(-5(333(321,-321)511(-511(443(-13,13,22)-313))))-1(413(411(111,-13,14)111))2(-511(413(411(-311(310)-13,14)111)-433(-431(211,211,-211,-211,-211,111)22))2212,2212,-11,11)2,-413(-421(321,-211,111)-211)333(321,-321)511(-511(443(-13,13,22)-313))21(413(421(-321,211)211)2212,-413(-421(323(311)-213(111))-211))413(421(-321,211)211)2212,-413(-421(323(311)-213(111))-211)21(2212)2212,2212,333(321,-321)-511(413(411(-311(310)-13,14)111)-433(-431(211,211,-211,-211,-211,111)22))2212,2212,2212,-11,11)
38 2212(5(5(21(21(-2)21,21)5(5(5(5(5(5(5(5(5(5(-521(421(-10313(-313(-311,111)111)111)-211,211,223(111)111,-213(111))2212)))))-521(421(-10313(-313(-311,111)111)111)-211,211,223(111)111,-213(111))2212)))))))-5(-5(-5(-5(-5(-5(-5(-5(511(443(-13,13)313)))))3(511(443(-13,13)313))))))4(4(4(4(4(411(-311,-13,14))))))-4(-4(-4(-4(-4(-4(-4(-413(-421(321,-211)-211))))))))-4(-4(-4(-413(-421(321,-211)-211))))-4(-4(-413(-421(321,-211)-211)))2212,-521(421(-10313(-313(-311,111)111)111)-211,211,223(111)111,-213(111))2212,2212,-1(411(-311,-13,14))411(-311,-13,14)2212,333(130,310)-413(-421(321,-211)-211)2212,2212)
39 511(433(431(333(130,310)-13,14)22)-413(-421(321,-211)-211))
40 2212(21(5(5(5(5(5(5(5(-511(443(-13,13)-313))))))))21(21,21,21,21,21,21,21,21,21,21,21,21,21,21,21))-2(-511(443(-13,13)-313))-511(443(-13,13)-313)511(-413(-421(321,-211)-211)-13,14)21,21,21)
41 -521(-413(-421(321,-211,22)-211)421(-321,-13,14,22))
42 2212(21(5(5(5(5(5(5(-521(423(421(310,211,-211)22)-211,113,111)-413(-421(321,13,-14)-211)))))))-5(-5(-5(-5(-5(-5(-5(511(-511(443(-13,13)-313)))))413(421(-321,211)211))2212))))4(4(-4(-4(-4(-4(-4(-4(-521(423(421(310,211,-211)22)-211,113,111)-413(-421(321,13,-14)-211)))))))4(4(4(4(4(4(413(421(-321,211)211)))))))))-4(-4(-4(-4(-423(-421(313,211,-211,111)111)))))1(511(-511(443(-13,13)-313)))511(-511(443(-13,13)-313))2212,2212,411(310,211,111)2212,413(421(-321,211)211)-521(423(421(310,211,-211)22)-211,113,111)-413(-421(321,13,-14)-211)2212,2212,2212,2212)
43 2212(-5(21(21(21(513(511(443(-13,13,22)313)22)310)21(-11,11)21(-11,11)21(-11,11)21(-11,11)21(-11,11)21(-11,11)21(-11,11)21(-11,11)21(-11,11)21(-11,11)21(-11,11)-11,11)21(21(-1(413(421(-321,211)211)2212,2212,2212,-11,11,-11,11))21,21,21(413(421(-321,211)211)2212,2212,2212,-11,11,-11,11)21(413(421(-321,211)211)2212,2212,2212,-11,11,-11,11)21(413(421(-321,211)211)2212,2212,2212,-11,11,-11,11)21(413(421(-321,211)211)2212,2212,2212,-11,11,-11,11)21(413(421(-321,211)211)2212,2212,2212,-11,11,-11,11)21(413(421(-321,211)211)2212,2212,2212,-11,11,-11,11)))-5(-5(-5(-5(-5(-5(-5(-5(-5(-5(-5(-5(513(511(443(-13,13,22)313)22)310)))))))))))))5(5(5(5(5(5(5(-513(-511(511(-411(311,13,-14,22)-13,14))22))))))))-4(-4(-4(-4(-4(-4(-4(-4(-4(-4(-4(-433(-431(221(111,111,111)13,-14)22))))2)))))2212,-11,11)))4(4(4(4(4(4(4(413(421(-321,-11,12)211)2212)))))))-4(-4(-4(2212,-421(321,-211)-11,11)))4(4(4(4(413(421(-321,211)211)2212,2212,2212,-11,11,-11,11))))-2(-2(413(421(-321,-11,12)211)2212))2,-433(-431(221(111,111,111)13,-14)22)2212,2212,1(2212,-421(321,-211)-11,11)2212,-421(321,-211)1(513(511(443(-13,13,22)313)22)310)413(421(-321,-11,12)211)2212,21,21,-3(-513(-511(511(-411(311,13,-14,22)-13,14))22))-513(-511(511(-411(311,13,-14,22)-13,14))22)1(-11,11)21(-11,11)-1(-11,11)2212,21(413(421(-321,211)211)2212,2212,2212,-11,11,-11,11)21(413(421(-321,211)211)2212,2212,2212,-11,11,-11,11)413(421(-321,211)211)2212,2212,2212,3(2212,-11,11)2212,-11,11,-11,11,-11,11,-11,11,2212,-11,11)
44 2212(21(21(21(-513(-511(111,4212(4122(-311(310)-211,211,2214)111)-2212)22)-11,11)21(-513(-511(111,4212(4122(-311(310)-211,211,2214)111)-2212)22)-11,11)21(-513(-511(111,4212(4122(-311(310)-211,211,2214)111)-2212)22)-11,11)21(-513(-511(111,4212(4122(-311(310)-211,211,2214)111)-2212)22)-11,11))21(-5(-5(-5(-5(-5(-5(-5(-5(-5(513(511(443(-13,13)313)22)2212,-11,11)))))))))5(5(5(5(5(5(5(5(5(-513(-511(111,4212(4122(-311(310)-211,211,2214)111)-2212)22)-11,11)))))))))))-4(-4(-4(-4(-4(-4(-413(-421(321,-211,22)-211)-11,11)))))1,421(-323(-311)-13,14)333(321,-321))4(4(4(421(-323(-311)-13,14)333(321,-321))))-1,1(-413(-421(321,-211,22)-211)-11,11)-413(-421(321,-211,22)-211)1(513(511(443(-13,13)313)22)2212,-11,11)21(513(511(443(-13,13)313)22)2212,-11,11)513(511(443(-13,13)313)22)2212,-2(421(-323(-311)-13,14)333(321,-321))421(-323(-311)-13,14)333(321,-321)2212,-11,11,2212,-11,11)
45 2212(21(-5(-5(-5(-5(-5(-5(-5(-5(-5(-5(513(511(443(-13,13)313)22))))))))-5(-5(513(511(443(-13,13)313)22)))513(511(443(-13,13)313)22))))21(21(333(130,310))21(333(130,310))21(333(130,310))21(333(130,310))21(333(130,310))21(333(130,310))21(333(130,310))21(333(130,310))21(333(130,310))21(333(130,310))21(333(130,310))21(333(130,310))21(333(130,310))21(333(130,310))21(333(130,310))))4(4(4(4(4(4(421(20213(213(111)111)-321))))))-431(333(321,-321)-213(111))333(321,-321)2212,310,2212)-4(-4(-4(-4(-4(-4(-4(-411(-20213(-213(111)111)130))))2212,310))2212,310)2212,310)4(4(4(411(-313,-13,14)310,310)))-4(-4(-4(-4(-4122(-3112,-211,-211)))))4(4(4(4(4(413(421(-321,211)211))))))-4(-4(-4(-4(-431(333(321,-321)-213(111))))))21(21(411(-313,-13,14)310,310))-4122(-3112,-211,-211)421(20213(213(111)111)-321)-431(333(321,-321)-213(111))-1(411(-313,-13,14)310,310)411(-313,-13,14)21,413(421(-321,211)211)1(513(511(443(-13,13)313)22))513(511(443(-13,13)313)22)21(2212,310)-3(2212,310)-533(-531(431(333(130,310)211)-411(130,-211)-313)22)333(321,-321)310,310,2212,310,310,310,2212)
46 2212(-5(-5(-5(21(21(421(-313(-311,111)211,-211,111)2212)21(421(-313(-311,111)211,-211,111)2212)21(421(-313(-311,111)211,-211,111)2212))-5(-5(-5(-5(-5(-5(-5(-5(-5(513(511(443(-13,13)313)22)-11,11))))))))))))5(5(5(5(5(5(5(5(-523(-521(421(211,211,-211,-211,22)-421(323(111)13,-14,22)-321)22)-413(-421(321,13,-14)-211)310,-11,11))))))))4(4(4(4(4(4(4(4(4(4(4(421(-313(-311,111)211,-211,111)2212))))))))))421(-313(-311,111)211,-211,111)2212)-4(-4(-4(-4(-4(-4(-4(-4(-4(-4(-421(130,211,-211)2212)))2212)))))))-4(-4(-4(-4(-523(-521(421(211,211,-211,-211,22)-421(323(111)13,-14,22)-321)22)-413(-421(321,13,-14)-211)310,-11,11))))4(4(4(4(4(4(411(310,211,111)))))))-4(-4(-4(-4(-4(-413(-421(-20213(-213(111)111)321)-211))))))4(4(4(411(310,211,111))))4(4(411(310,211,111)))413(421(-321,211)211)-421(130,211,-211)-413(-421(-20213(-213(111)111)321)-211)411(310,211,111)2,2212,513(511(443(-13,13)313)22)-523(-521(421(211,211,-211,-211,22)-421(323(111)13,-14,22)-321)22)-413(-421(321,13,-14)-211)21(421(-313(-311,111)211,-211,111)2212)421(-313(-311,111)211,-211,111)2212,2212,310,2212,2212,-11,11,310,-11,11,2212)
47 2212(21(5(5(5(5(5(5(5(5(5(5(-513(-511(443(-13,13)-313)22)2212,-421(321,-211,331(113))-11,11,-11,11))))))))))-5(-5(-5(-5(-5(-5(-5(-5(-5(333(130,310)333(321,-321)-5232(-4232(-3222,-211,211)-13,14)))))))))))-4(-4(-4(-4(-4(-4(-413(-421(321,-211,111)-211)))))))4(4(4(4(4(4(433(431(-15(-16,211,-211,211,111(22,22)22)16)22)))))))4(4(4(4(4(4(4(4(4(4(413(421(-211,321)211))))))))))333(130,310)333(321,-321)-5232(-4232(-3222,-211,211)-13,14)433(431(-15(-16,211,-211,211,111(22,22)22)16)22))-4(-4(-4(-4(-513(-511(443(-13,13)-313)22)2212,-421(321,-211,331(113))-11,11,-11,11))))4(4(413(421(-211,321)211)))-3(-3(433(431(-15(-16,211,-211,211,111(22,22)22)16)22)))413(421(-211,321)211)333(130,310)333(321,-321)-5232(-4232(-3222,-211,211)-13,14)433(431(-15(-16,211,-211,211,111(22,22)22)16)22)-513(-511(443(-13,13)-313)22)2212,-421(321,-211,331(113))2212,2212,310,-11,11,-11,11)
48 2212(21(2(2(2(-413(-421(321,-211)-211))-413(-421(321,-211)-211)411(-313(-311,111)-13,14)-11,11))21(21(-5(-5(-5(-5(-5(-5(-5(-5(2212,521(-423(-421(310,211,-211,111)111)-11,12)))))))2212,521(-423(-421(310,211,-211,111)111)-11,12)))5(5(5(5(5(-513(-511(511(443(-13,13,22)313))22)2212))))))))21(21(2212,521(-423(-421(310,211,-211,111)111)-11,12)))-413(-421(321,-211)-211)-3(-513(-511(511(443(-13,13,22)313))22)2212)-513(-511(511(443(-13,13,22)313))22)2212,-2(-11,11)3(2212)1(2212,521(-423(-421(310,211,-211,111)111)-11,12))2212,521(-423(-421(310,211,-211,111)111)-11,12)2212,2212,21(411(-313(-311,111)-13,14)-11,11)-1(411(-313(-311,111)-13,14)-11,11)411(-313(-311,111)-13,14)333(130,310)2212,2212,2212,2212,310,-11,11)
49 2212(4(-5(-5(-5(-5(-5(-5(-5(-5(413(421(-321,211,22)211)511(-511(443(-13,13)-313))))))))21(21(411(-311(310)-13,14)-421(310,211,-211,111)310,2212,310))))4(4(4(4(4(4(4(4(4(4(4(411(-311(310)-13,14)-421(310,211,-211,111)310,2212,310))))411(-311(310)-13,14)-421(310,211,-211,111)310,2212,310)411(-311(310)-13,14)-421(310,211,-211,111)310,2212,310)))))))-4(-4(-4(-4(-4(-4(-4(-4(-4(-4(-4(2212,-421(310,211,-211))))))))))))-4(-4(-4(-4(-4(-4(411(-311(310)-13,14)-421(310,211,-211,111)310,2212,310))))))4(4(4(4(4(4(413(421(-321,211,22)211)511(-511(443(-13,13)-313))))))))-4(-4(411(-311(310)-13,14)-421(310,211,-211,111)310,2212,310))4(4(411(-311(310)-13,14)-421(310,211,-211,111)310,2212,310))21(21(411(-311(310)-13,14)-421(310,211,-211,111)310,2212,310))413(421(-321,211,22)211)511(-511(443(-13,13)-313))411(-311(310)-13,14)-421(310,211,-211,111)-523(-521(423(421(310,211,-211,111)111(-11,11))-321,313)22)2212,-421(310,211,-211)2212,310,310,2212,310,2212)
50 2212(21(5(5(5(5(5(5(5(5(-513(-511(443(-13,13)-313)22)-423(-421(313,331(111(-11,11)111,221))111))))))-4(-4(-4(-513(-511(443(-13,13)-313)22)-423(-421(313,331(111(-11,11)111,221))111))))4(4(4(4(4(4(4(411(-311,-13,14)))))))))))21(21(2212,310)21(2212,310)21(413(421(-321,211)211))21(310,2212)21(310,2212)21(310,2212)21(310,2212)21(310,2212)))-4(-4(-4(-4(-4(-4(-4(-411(-20213(-213(111)111)130))))2212)))4(4(411(-311,-13,14)))413(421(-321,211)211)21(523(521(111,211,113,311,-421(323(311)-213(111)))22)-11,11,-11,11))4(4(4(4(4(4(413(421(-321,211)211)))))))-4(-4(-4(-4(-4(-4(-4(-4(-4(-4(-413(-421(310,211,-211,111)-211))))))))))2212,2212)4(4(4(4(4(4(4(421(-321,211,111)))))22)))4(4(4(413(421(-321,211)211))))4(4(413(421(-321,211)211)))421(-321,211,111)-2(411(-311,-13,14))411(-311,-13,14)-413(-421(310,211,-211,111)-211)-513(-511(443(-13,13)-313)22)-423(-421(313,331(111(-11,11)111,221))111)-411(-20213(-213(111)111)130)3(2212)2212,21(2212,310)2212,2212,413(421(-321,211)211)21(310,2212)21(310,2212)21(310,2212)21(2212)3(523(521(111,211,113,311,-421(323(311)-213(111)))22)-11,11,-11,11)523(521(111,211,113,311,-421(323(311)-213(111)))22)310,2212,310,2212,2212,-11,11,-11,11)
51 2212(21(-5(-5(-5(-5(-5(-5(-5(-5(-5(413(411(-313,-13,14)111)513(511(-511(443(-13,13,22)-313))22))))-4(-4(-413(-421(321,-211)-211)))413(411(-313,-13,14)111)513(511(-511(443(-13,13,22)-313))22)))))))21(21(-413(-421(321,-211)-211)2212,310)21(-413(-421(321,-211)-211))21(-413(-421(321,-211)-211))))4(4(4(4(4(4(423(421(-321,211)22)2212))))))-4(-4(-4(-4(-4(-4(-423(-421(321,-211,111)22)310)))423(421(-321,211)22)2212)))-4(-4(-4(-4(-4(-413(-421(321,-211)-211))))))4(4(4(4(4(413(411(-313,-13,14)111)513(511(-511(443(-13,13,22)-313))22))))))4(4(4(4(4(413(411(130,321)111))))))-4(-421(313(311,111)211,-211))-4(-4(-413(-421(321,-211)-211)))-421(313(311,111)211,-211)413(411(-313,-13,14)111)513(511(-511(443(-13,13,22)-313))22)-423(-421(321,-211,111)22)21(-413(-421(321,-211)-211))-413(-421(321,-211)-211)2212,423(421(-321,211)22)2212,2212,413(411(130,321)111)-3(-11,11)2203(-523(-521(10421(411(-321,211,211))11,-12)22)2212,2212,2212)-523(-521(10421(411(-321,211,211))11,-12)22)2212,2212,310,310,2212)
52 2212(-5(21(21(333(321,-321))21(333(321,-321))21(333(321,-321))21(333(321,-321))21(333(321,-321))21(333(321,-321))21(333(321,-321))21(333(321,-321))21(333(321,-321)))-5(-5(-5(-5(-5(-5(-5(-5(-5(513(511(443(-13,13,22)313)22)))))))))))5(5(5(5(5(5(5(5(5(-521(413(421(-321,211)211)-211,13,-14))))))))))5(5(-521(413(421(-321,211)211)-211,13,-14)))1(513(511(443(-13,13,22)313)22))513(511(443(-13,13,22)313)22)2212,-3(-521(413(421(-321,211)211)-211,13,-14))-521(413(421(-321,211)211)-211,13,-14)3,333(130,310)2212,2212,21(333(321,-321))333(321,-321)2212,2212,2212,310)
53 -531(10433(413(421(-321,211)211)311(310))13,-14)
54 2212(21(21(21(2212,511(443(-13,13)313)310)21(2212)2212)21(5(5(5(5(5(5(-513(-511(413(421(310,111)211)11,-12,22,22,22)22)))))))-5(-5(-5(-5(-5(-5(-5(-5(-5(2212,511(443(-13,13)313)310)))))))))))-4(-4(333(321,-321)-413(-421(321,-211)-211)))-5(-5(-5(2212,511(443(-13,13)313)310)))1(1(2212,511(443(-13,13)313)310))-5(-5(2212,511(443(-13,13)313)310))-3(411(-311,-13,14)333(321,-321))411(-311,-13,14)333(321,-321)2212,333(321,-321)-413(-421(321,-211)-211)333(130,310)21(2212,511(443(-13,13)313)310)2212,511(443(-13,13)313)2212,2212,310,310,2212)
55 2212(5(5(21(21,21)5(5(5(5(5(5(5(5(-511(443(-13,13,22)-313)2212))))))))))-5(-5(-5(-5(-5(523(521(321,-423(-421(323(311)-213(111))111)421(-313,113)111)22))))))4(4(4(4(4(4(4(4(4(413(421(-321,211)211)2212)))))))))-4(-4(-4(-4(-4(-4(-433(-431(333(321,-321)13,-14)22)))))))-4(-4(-4(-4(-4(-4(-4(-4(-4(-4(-4(-413(-421(-20213(-213(111)111)321)-211)310))))))))2212,21,2212)413(421(-321,211)211)2212))4(4(4(423(421(130,111)22))))-4(-4(-413(-421(-20213(-213(111)111)321)-211)310))4(4(413(421(-321,211)211)2212))523(521(321,-423(-421(323(311)-213(111))111)421(-313,113)111)22)2212,423(421(130,111)22)1(-413(-421(-20213(-213(111)111)321)-211)310)-413(-421(-20213(-213(111)111)321)-211)1(-433(-431(333(321,-321)13,-14)22))-433(-431(333(321,-321)13,-14)22)21(310)2212,2212,21(2212,2212)2212,21,21,2212,2212,413(421(-321,211)211)2212,2212,2212,310,310,2212)
56 521(413(421(-321,211)211)-411(311(310)13,-14)321,22)
57 2212(21(5(5(5(5(5(5(5(5(-511(443(-13,13,22)-313)))))))))21(21(2212,2212)21))-4(-4(-4(-4(-4(-4(-4(-4(-4(-4(-4(-423(-421(321,-211,111)111))))-423(-421(321,-211,111)111)))))))21(-423(-421(321,-211,111)111))-423(-421(321,-211,111)111)))4(4(4(4(4(4(413(421(-321,211)211)2212,333(213,-211)))))))4(4(413(421(-321,211)211)2212,333(213,-211)))413(421(-321,211)211)2212,333(213,-211)-2(-511(443(-13,13,22)-313))-511(443(-13,13,22)-313)-423(-421(321,-211,111)111)-11,11,310)
58 2212(3(3(3)21(21(2(2(511(443(-13,13,22,22)313))))21(5(5(5122(-211,413(421(-321,211)211)2112)-411(311,13,-14))))21,21(5122(-211,413(421(-321,211)211)2112)-411(311,13,-14))21,21,21(511(443(-13,13,22,22)313))21(511(443(-13,13,22,22)313))21(511(443(-13,13,22,22)313))21(511(443(-13,13,22,22)313))21(511(443(-13,13,22,22)313))))-5(-5(-5(-5(-5(-5(-5(-5(-5(-5(511(443(-13,13,22,22)313))))))))))21(2212,310))5(5(5(5(5(5(5(5(5122(-211,413(421(-321,211)211)2112)-411(311,13,-14)))))))))-4(-4(-4(-4(5122(-211,413(421(-321,211)211)2112)-411(311,13,-14)))))4(4(4(4(4(411(-311,-11,12)2212)))))4(4(4(4(4(4(421(130,211,-211)2212))))))-4(-4(-4(-4(-421(321,11,-12,22))))2212)4(4(4(4(421(130,211,-211)2212))))4(4(4(421(130,211,-211)2212)))4(4(421(130,211,-211)2212))1(-421(321,11,-12,22))-421(321,11,-12,22)21,5122(-211,413(421(-321,211)211)2112)-411(311,13,-14)21,2212,333(321,-321)421(130,211,-211)2212,333(130,310)3(-11,11)-3(2212)21(2212,2212,2212)2212,2212,21(411(-311,-11,12)2212)1(411(-311,-11,12)2212)411(-311,-11,12)2212,-3(2212,310)2212,310,310,2212,2212,310)
59 2212(21(5(5(5(5(5(5(5(5(5(5(5(-511(443(-13,13)-313)))))-511(443(-13,13)-313))))))-511(443(-13,13)-313)))21(21(413(421(-321,211)211))21(2212,-423(-421(313(311,111)111)111))21(2212,-423(-421(313(311,111)111)111))21(2212,-423(-421(313(311,111)111)111))2212,-423(-421(313(311,111)111)111)))4(4(4(4(4(413(421(-321,211)211))))))-4(-4(-4(-4(-4(-4(2212,-423(-421(313(311,111)111)111)))))))-4(-4(-4(-4(-4(-411(-20213(-213(111)111)310))))))-4(-4(2212,-423(-421(313(311,111)111)111)))-411(-20213(-213(111)111)310)21(513(511(411(310,211,211,-211)-421(-20213(-213(111)111)321)311,-211)22))513(511(411(310,211,211,-211)-421(-20213(-213(111)111)321)311,-211)22)333(321,-321)21(413(421(-321,211)211))413(421(-321,211)211)2212,21(-511(443(-13,13)-313))-1(-511(443(-13,13)-313))-511(443(-13,13)-313)21(413(421(310,211,-211)211))413(421(310,211,-211)211)21(2212,-423(-421(313(311,111)111)111))21(2212,-423(-421(313(311,111)111)111))2212,-423(-421(313(311,111)111)111)2212)
60 2212(21(5(5(5(5(5(5(5(5(5(5(-513(-511(443(-13,13)-313)22)310,-11,11))))))))))-5(-5(-5(-5(-5(-5(-5(-5(-5(521(-20423(-413(-421(321,-211)-211))-15(-13,14,-16)16))))521(-20423(-413(-421(321,-211)-211))-15(-13,14,-16)16))))))))-1(-1(-513(-511(443(-13,13)-313)22)310,-11,11))5(5(-513(-511(443(-13,13)-313)22)310,-11,11))2212,2212,-513(-511(443(-13,13)-313)22)521(-20423(-413(-421(321,-211)-211))-15(-13,14,-16)16)2212,2212,310,-11,11,310,2212)
61 2212(-5(-5(5(5(5(5(5(5(5(5(5(5(-511(443(-13,13,22,22)-313)513(511(433(431(333(321,-321)213(111))22)-421(310,211,-211,111)-211)22))))))))5(5(-511(443(-13,13,22,22)-313)513(511(433(431(333(321,-321)213(111))22)-421(310,211,-211,111)-211)22)))-511(443(-13,13,22,22)-313)513(511(433(431(333(321,-321)213(111))22)-421(310,211,-211,111)-211)22))))-5(-5(-5(-5(-5(-5(-5(-5(-5(-511(443(-13,13,22,22)-313)513(511(433(431(333(321,-321)213(111))22)-421(310,211,-211,111)-211)22))))))))))))5(5(5(5(5(-521(421(-10313(-323(111))111)-413(-421(321,-211,221(111))-211)-311))))))4(4(4(4(4(4(4(4(4(421(310,331(221(111)))-413(-421(323(311)13,-14)-211))))))))))-4(-4(-4(-4(-4(-4(-4(421(310,331(221(111)))-413(-421(323(311)13,-14)-211))))))))4(4(4(421(310,331(221(111)))-413(-421(323(311)13,-14)-211))))-4(-4(421(310,331(221(111)))-413(-421(323(311)13,-14)-211)))4(4(421(310,331(221(111)))-413(-421(323(311)13,-14)-211)))21(2212,2212,2212,2212,310)1(2212,-11,11)-1(2212,-11,11)333(321,-321)413(421(-321,211)211)421(310,331(221(111)))-413(-421(323(311)13,-14)-211)2212,1(-11,11)2212,-2,-4114(-4122(-2212,311,221)211)2(2212,523(521(433(431(333(321,-321)-13,14)22)-423(-421(211,-211,111,111)22))22)2212)2212,2212,2212,2212,2212,-11,11,2212,2212,310)
62 2212(21(21(21(-5(-5(-5(-5(-5(-5(-5(413(421(-321,211,223(111))211)523(521(-4114(-4122(-2224,323(311(310)))211)311(310)3224)22))))))))5(5(5(5(-513(-511(443(-13,13)-313)22)333(321,-321)2212,2212,2212))))))21(21,21,21,21,21(-513(-511(443(-13,13)-313)22)333(321,-321)2212,2212,2212)))-4(-4(-4(-4(-4(-4(-4(-4(-4(-4(-411(313,111,-211))))))))))2212,2212,2212,310)4(4(4(4(4(4(4(4(4(4(4(4(413(421(-321,211,223(111))211)523(521(-4114(-4122(-2224,323(311(310)))211)311(310)3224)22))))))))413(421(-321,211,223(111))211)523(521(-4114(-4122(-2224,323(311(310)))211)311(310)3224)22)-413(-421(321,13,-14)-211)2212))413(421(-321,211,223(111))211)523(521(-4114(-4122(-2224,323(311(310)))211)311(310)3224)22)))-5(-5(-5(413(421(-321,211,223(111))211)523(521(-4114(-4122(-2224,323(311(310)))211)311(310)3224)22))))-513(-511(443(-13,13)-313)22)333(321,-321)2212,2212,2212)4(4(4(4(4(413(421(-321,211)211))))))-4(-4(-4(-4(-4(-413(-421(321,13,-14)-211)2212)))))21(21(-11,11,2212))-4(-4(-4(-4(-411(313,111,-211)))))-4(-4(-4(-411(313,111,-211))))-4(-4(-411(313,111,-211)))4(4(413(421(-321,211)211)))4(4(413(421(-321,211,223(111))211)523(521(-4114(-4122(-2224,323(311(310)))211)311(310)3224)22)))-5(-5(413(421(-321,211,223(111))211)523(521(-4114(-4122(-2224,323(311(310)))211)311(310)3224)22)))413(421(-321,211)211)-411(313,111,-211)2212,21,21(2212,2212,2212)2212,333(321,-321)-1(2212,310,-11,11)21(413(421(-321,211,223(111))211)523(521(-4114(-4122(-2224,323(311(310)))211)311(310)3224)22))413(421(-321,211,223(111))211)523(521(-4114(-4122(-2224,323(311(310)))211)311(310)3224)22)21(-513(-511(443(-13,13)-313)22)333(321,-321)2212,2212,2212)21(-513(-511(443(-13,13)-313)22)333(321,-321)2212,2212,2212)-513(-511(443(-13,13)-313)22)333(321,-321)2212,-413(-421(321,13,-14)-211)-1(-11,11,2212)21(2212,2212,310)2212,2212,2212,2212,2212,2212,-11,11,2212,2212,310)
63 2212(4(-5(-5(-5(-5(-5(-5(-5(433(431(30221(111,111)211)22)513(511(443(-13,13)313)22))))))))4(4(4(4(4(4(4(433(431(30221(111,111)211)22)513(511(443(-13,13)313)22)))))))))-4(-4(-4(-4(-4(-4(-4(-4(-431(-323(111)311)))))))))-4(-4(-4(-4(-4(-4(-4(-4(-4(-413(-421(323(111)-213(111))-211)))))))-413(-421(323(111)-213(111))-211)2212,2212,2212,2212)))21(21(2212,-11,11))4(4(413(421(-321,211)211)))-4(-4(-411(313,13,-14)))21(2212,-11,11)-3(2212,-11,11)413(421(-321,211)211)-431(-323(111)311)21,423(421(20213(113)-321)111)2(-411(313,13,-14))-411(313,13,-14)-413(-421(323(111)-213(111))-211)21(2212,2212,2212,2212)2212,2212,2212,-1(-521(413(421(-211,-13,14,22)211)-211,11,-12))21(2212)2212,2212,2212,2212,2212,2(-11,11)-1(-11,11)2212,2212,-11,11)
64 2212(21(5(5(5(5(5(5(5(5(5(-511(443(-13,13)-313)2212)))))))))21(21(310)21(310)21(310)310))21(21(-511(443(-13,13)-313)2212))21(21(-511(443(-13,13)-313)2212))-2(-2(-511(443(-13,13)-313)2212))5(5(5(-511(443(-13,13)-313)2212)))5(5(-511(443(-13,13)-313)2212))511(-413(-421(321,-211,22)-211)321,-311,113,113)1(-11,11,-11,11)-3(-11,11,-11,11)-1(2212,-11,11,2212)2212,2212,21(310)-511(443(-13,13)-313)2212,2212,2212,-11,11,2212,2212,310,2212)
65 2212(21(5(5(5(5(5(5(5(5(5(5(-513(-511(443(-13,13)-313)22)))))))))))21(21(-3(-513(-511(443(-13,13)-313)22))3(-431(333(321,-321)13,-14)310,310,2212)-431(333(321,-321)13,-14)310,310,2212)21(5(5(-513(-511(443(-13,13)-313)22))))21(-513(-511(443(-13,13)-313)22))21(-513(-511(443(-13,13)-313)22))21(-513(-511(443(-13,13)-313)22))21(-513(-511(443(-13,13)-313)22))21(-513(-511(443(-13,13)-313)22))21(-513(-511(443(-13,13)-313)22))21(-513(-511(443(-13,13)-313)22))21(-431(333(321,-321)13,-14)310,310,2212)21(-431(333(321,-321)13,-14)310,310,2212)))-4(-4(-4(-4(-4(-4(-4(-4(-4(-423(-421(211,-211,111,111,111,22)111)))))-423(-421(211,-211,111,111,111,22)111)))))413(421(-323(-311(310))213(111))211)2212,2212)-4(-4(-4(-4(-4(-431(333(321,-321)13,-14)310,310,2212))))413(421(-323(-311(310))213(111))211)413(421(-321,211)211)-411(321,-211,-211))-4(-4(-4(-4(-4(-4(413(421(-321,211)211)-411(321,-211,-211)))))))4(4(4(4(4(413(421(-323(-311(310))213(111))211))))))4(4(4(413(421(-321,211)211)-411(321,-211,-211))))2(2(2212,-11,11))-3(-3(2212,-11,11))-4(-4(413(421(-321,211)211)-411(321,-211,-211)))4(4(413(421(-321,211,111)211)-11,11))-4(-4(-423(-421(211,-211,111,111,111,22)111)))21(21(-431(333(321,-321)13,-14)310,310,2212))413(421(-323(-311(310))213(111))211)-2(413(421(-321,211,111)211)-11,11)413(421(-321,211,111)211)-423(-421(211,-211,111,111,111,22)111)2212,2212,21(413(421(-321,211)211)-411(321,-211,-211))413(421(-321,211)211)-411(321,-211,-211)-431(333(321,-321)13,-14)2212,-2(2212,2212)2212,2(-11,11)-11,11,-11,11,310,310,2212,2212,2212,2212)
66 2212(1(5(5(5(5(5(5(5(5(5(-511(443(-13,13)-313)310)))))))))1(1(21,1)))-4(-4(-4(-4(-4(-4(-4(413(421(-321,211,111)211)2212,-413(-411(313,11,-12)111))))))413(421(-321,211,111)211)2212,-413(-411(313,11,-12)111))-4(-4(2212,333(130,310)-411(310,-211,111)-11,11))-4(-4(421(-323(-311)213(111))-423(-421(10323(213(111)311)-211,22)22)-11,11))413(421(-321,211)211)413(421(-321,211,111)211)2212,-413(-411(313,11,-12)111)-11,11)-4(-4(-4(-4(-4(-4(-4(-4(-4(2212,333(130,310)-411(310,-211,111)-11,11))))421(-323(-311)213(111))-423(-421(10323(213(111)311)-211,22)22)413(421(-321,211,111)211)2212,-413(-411(313,11,-12)111)-11,11)))1(2212,333(130,310)-411(310,-211,111)-11,11)))4(4(4(4(4(4(4(413(421(-321,211)211))))421(-323(-311)213(111))-423(-421(10323(213(111)311)-211,22)22)-11,11)))413(421(-321,211,111)211)2212,-413(-411(313,11,-12)111))4(4(4(4(4(413(421(-321,211,111)211)2212,-413(-411(313,11,-12)111))))))-4(-4(-4(-4(-4(421(-323(-311)213(111))-423(-421(10323(213(111)311)-211,22)22)-11,11)))))4(4(4(413(421(-321,211,111)211)2212,-413(-411(313,11,-12)111))))4(4(413(421(-321,211,111)211)2212,-413(-411(313,11,-12)111)))413(421(-321,211)211)523(521(-413(-421(130,111,111)-211)-2114,2224(2212))22)421(-323(-311)213(111))-423(-421(10323(213(111)311)-211,22)22)2(-11,11)21(-11,11)-1(-11,11)1(-11,11)2(-511(443(-13,13)-313)310)3(-511(443(-13,13)-313)310)-511(443(-13,13)-313)413(421(-321,211,111)211)2212,-413(-411(313,11,-12)111)2212,333(130,310)-411(310,-211,111)-11,11,-11,11,-11,11,310,-11,11)
67 2212(-3(5(5(5(5(5(5(5(5(5(-513(-511(443(-13,13)-313)22)-413(-411(315,13,-14)111))))))413(421(-321,211)211)))))-3(21(413(421(-321,211)211))21(413(421(-321,211)211))-3(413(421(-321,211)211))413(421(-321,211)211)))-4(-4(-4(-4(-4(-4(-4(-4(-513(-511(443(-13,13)-313)22)-413(-411(315,13,-14)111)))))))-513(-511(443(-13,13)-313)22)-413(-411(315,13,-14)111)))4(4(4(413(421(-321,211)211))))2212,2212,21(413(421(-321,211)211))413(421(-321,211)211)21(-513(-511(443(-13,13)-313)22)-413(-411(315,13,-14)111))-513(-511(443(-13,13)-313)22)-413(-411(315,13,-14)111)523(521(443(111,313,-311)323(111))22))
68 2212(21(21(21(2212,310)21(2212,310)21(2212,310)21(2212,310)21(2212,310))21(5(5(5(5(5(5(5(5(-533(-531(531(-433(-431(313,-321)22)-13,14))22)310))))))))-5(-5(-5(-5(-5(-5(-5(-5(513(511(-511(443(-13,13)-313))22)310))))1(513(511(-511(443(-13,13)-313))22)310)513(511(-511(443(-13,13)-313))22)2212,310,310))))))4(4(4(4(4(4(4(4(4(411(-321,211,-13,14)2212))))))))2(2(333(130,310)-11,11,2212)))-4(-4(-4(-4(-4(-413(-421(321,-211)-211))))))2212,-533(-531(531(-433(-431(313,-321)22)-13,14))22)513(511(-511(443(-13,13)-313))22)2212,-413(-421(321,-211)-211)21(333(130,310)-11,11,2212)333(130,310)-1(411(-321,211,-13,14)2212)411(-321,211,-13,14)21(2212,310)2212,310,310,-11,11,2212,2212,2212,310)
69 2212(21(5(5(5(5(5(5(5(5(5(5(-513(-511(443(-13,13)-313)22))))))-3(-3(-513(-511(443(-13,13)-313)22))))))))21(21(-413(-421(321,-211,111)-211))21(-413(-421(321,-211,111)-211))21(-413(-421(321,-211,111)-211))21(-413(-421(321,-211,111)-211))310))-4(-4(-4(-4(-4(-4(-4(-413(-421(321,-211,111)-211))))))-3(-3(-3(-513(-511(443(-13,13)-313)22))))310))4(4(4(423(421(-321,211,111)111))))3(3(3(3(511(-413(-421(321,-211)-211)-13,14)))))3(3(3(511(-413(-421(321,-211)-211)-13,14))))5(5(-513(-511(443(-13,13)-313)22)))-3(-3(-3(-513(-511(443(-13,13)-313)22))))423(421(-321,211,111)111)511(-413(-421(321,-211)-211)-13,14)-513(-511(443(-13,13)-313)22)333(321,-321)2212,2212,21(310)21(310)21(-413(-421(321,-211,111)-211))21(-413(-421(321,-211,111)-211))21(-413(-421(321,-211,111)-211))-413(-421(321,-211,111)-211)-1(2212,-11,11)310,2212)
70 511(-411(313,13,-14)413(421(-321,211)211)311(310))
71 511(-413(-421(321,-211)-211)111,-13,14)
72 2212(-5(21(21(2212)21(2212)21(2212)21(2212)21(2212))-5(-5(-5(-5(-5(-5(-5(-5(-5(-5(2212,2212,513(511(443(-13,13,22)313)22)310)))))))))))5(5(5(5(5(5(5(-511(413(421(-321,211)211)-433(-431(13,-14,22)22))2212)))))))-4(-4(-4(-4(-4(-4(-4(-4(2212,-411(130,-211,-211,211)))))-511(413(421(-321,211)211)-433(-431(13,-14,22)22))2212,-411(130,-211,-211,211)2212))))413(421(-323(111)213(111))211)-1(-511(413(421(-321,211)211)-433(-431(13,-14,22)22))2212)-511(413(421(-321,211)211)-433(-431(13,-14,22)22))2212,2212,-411(130,-211,-211,211)1(-11,11)21(2212,2212,513(511(443(-13,13,22)313)22)310)2212,2212,513(511(443(-13,13,22)313)22)2212,2212,310,2212)
73 -511(20413(413(421(-321,211)211)111)-433(-431(333(321,-321)13,-14)111))
74 2212(5(3(3(4(4(4(413(421(-321,211)211))))-4(-4(-4(-4(-4(-411(321,-213(111)-211))))))3(3(-11,11))2212,3(-411(321,-213(111)-211))-411(321,-213(111)-211)-11,11))5(5(5(5(5(5(-511(511(443(-13,13)313))-413(-411(321,-211,-211)111))))))))-5(-5(-5(-5(521(-423(-421(321,13,-14)22)221(111,111,111)221(-11,11)211,111)))))4(4(4(4(4(4(4(431(221(111,111,111)-13,14,22)2212,-411(310,-211,111)310)))))))-4(-4(-4(-4(-4(-4(-4(-4(431(221(111,111,111)-13,14,22)2212,-411(310,-211,111)310))))))))-2(-2(421(-321,-13,14)))4(4(431(221(111,111,111)-13,14,22)2212,-411(310,-211,111)310))-4(-4(431(221(111,111,111)-13,14,22)2212,-411(310,-211,111)310))3(3(-11,11))-3(-3(-11,11))-4(-4(-511(511(443(-13,13)313))-413(-411(321,-211,-211)111)))5(5(-511(511(443(-13,13)313))-413(-411(321,-211,-211)111)))3(521(-423(-421(321,13,-14)22)221(111,111,111)221(-11,11)211,111))421(-321,-13,14)413(421(-321,211)211)2212,-411(321,-213(111)-211)431(221(111,111,111)-13,14,22)2212,-411(310,-211,111)2212,310,-11,11,2212,2212,2212)
75 2212(21(21(21(333(321,-321)2212,533(531(-433(-431(223(111)-211,-211,211)22)223(111)211)22)))21(21(-1(333(321,-321)2212)1)21(333(321,-321)2212)21(333(321,-321)2212)))4(4(4(4(4(4(4(413(411(-311,-13,14,22)111)))))2212,2212,-431(333(321,-321)-211,22)310)))-4(-4(-4(-4(-4(-4(2212,2212,-431(333(321,-321)-211,22)310)))413(411(-311,-13,14,22)111))))-5(-5(-5(-5(-5(-5(333(321,-321)2212,533(531(-433(-431(223(111)-211,-211,211)22)223(111)211)22))))21(333(321,-321)2212,533(531(-433(-431(223(111)-211,-211,211)22)223(111)211)22)))))5(5(5(5(5(5(-513(-511(443(-13,13)-313)22)310)))413(421(-321,211,22,22)211)2212,310,2212,2212)))4(4(4(4(413(421(-321,211,22,22)211)2212,2212,2212))))-1(-1(413(411(-311,-13,14,22)111)))4(4(413(411(-311,-13,14,22)111)))-411(130,-211,111)-3(-513(-511(443(-13,13)-313)22)310)-513(-511(443(-13,13)-313)22)21(413(411(-311,-13,14,22)111))413(411(-311,-13,14,22)111)333(321,-321)21,21(2212,2212,-431(333(321,-321)-211,22)310)2212,2212,-431(333(321,-321)-211,22)21(413(421(-321,211,22,22)211)2212,2212,2212)413(421(-321,211,22,22)211)2212,333(321,-321)2212,533(531(-433(-431(223(111)-211,-211,211)22)223(111)211)22)2212,310,2212,310,2212,2212,310,2212,2212,2212)
76 2212(21(5(5(5(5(5(5(5(5(5(-523(-521(4322(22,4232(3222,-313))-211,-2214(111(-11,11))22)22))))))))))-5(-5(-5(-5(-5(-5(-5(-5(-5(-5(-5(513(511(443(-13,13,22)313)22)))))))))))))4(4(4(413(421(-321,-13,14)211)2212)))-4(-4(-4(-4(-4(-4(-4(-413(-421(321,-211)-211))))))))2(2(-11,11))1(1(513(511(443(-13,13,22)313)22)))-4(-4(-4(-413(-421(321,-211)-211))))-4(-4(-413(-421(321,-211)-211)))-2(-2(-2(-523(-521(4322(22,4232(3222,-313))-211,-2214(111(-11,11))22)22))))-2(-2(-523(-521(4322(22,4232(3222,-313))-211,-2214(111(-11,11))22)22)))-413(-421(321,-211)-211)333(321,-321)-1(413(421(-321,-13,14)211)2212)413(421(-321,-13,14)211)21,513(511(443(-13,13,22)313)22)-523(-521(4322(22,4232(3222,-313))-211,-2214(111(-11,11))22)22)3(310,310)2212,333(321,-321)2212,2212,-11,11,310,310,2212,2212)
77 2212(21(21(21(5(5(5(5(5(-511(443(-13,13,22)-313))))))-5(-5(-5(-5(-5(-5(333(321,-321)533(531(-531(433(431(323(311)-311(310))22)13,-14))22)))))))))21(21(2212)21(2212)21(2212)))4(4(411(310,211,211,-211)-411(311(310)13,-14)))5(5(-511(443(-13,13,22)-313)))-3(-3(-511(443(-13,13,22)-313)))3(333(321,-321)533(531(-531(433(431(323(311)-311(310))22)13,-14))22))333(321,-321)533(531(-531(433(431(323(311)-311(310))22)13,-14))22)21(2212)2212,21(413(421(-321,211)211))413(421(-321,211)211)-511(443(-13,13,22)-313)2212,2212,2212,-411(331(221)-211)2212,2212,1(2212)2212,2103(-11,11))
78 2212(5(1(1(1(2212)21(2212)2212))5(5(5(5(5(5(5(5(5(-513(-511(511(443(-13,13)313))22)310))))))-3(-513(-511(511(443(-13,13)313))22)310)))))-5(-5(-5(-5(-5(-5(-5(2212,333(213,-211)521(413(421(-321,211)211)-411(311,13,-14)323(311))2212)))))))4(4(4(4(4(4(4(423(421(310,111)22))))))))-4(-4(-4(-4(-4(-4(-421(310,211,-211)))))))-421(310,211,-211)2(333(130,310)-11,11)2101(333(130,310)-11,11)2212,423(421(310,111)22)2212,333(130,310)2212,1(2212,333(213,-211)521(413(421(-321,211)211)-411(311,13,-14)323(311))2212)2212,333(213,-211)521(413(421(-321,211)211)-411(311,13,-14)323(311))-11,11,-11,11,2212)
79 2212(21(5(5(5(5(5(5(5(5(5(5(5(5(5(5(-511(443(-13,13,22,22)-313)2212))))))))))))))21(21(5(5(5(-511(443(-13,13,22,22)-313)2212))))21(21(-511(443(-13,13,22,22)-313)2212))21(-511(443(-13,13,22,22)-313)2212)21(-511(443(-13,13,22,22)-313)2212)21(-511(443(-13,13,22,22)-313)2212)-511(443(-13,13,22,22)-313)2212))4(4(4(4(4(4(4(4(4(4(4(423(421(-321,-11,12)111)))))))))-413(-421(321,-211,111)-211)423(421(-321,-11,12)111)333(130,310)))-5(-5(2212,521(433(431(323(111)-311)22)-423(-421(-20213(-213(111)111)321)111))))5(5(-511(443(-13,13,22,22)-313)2212))2212)-4(-4(-4(-4(-4(-4(-4(-413(-421(321,-211,111)-211))))))))-2(-2(423(421(-321,-11,12)111)))2(2(2212,2212,-411(311(310)13,-14)))21(5(5(5(-511(443(-13,13,22,22)-313)2212))))413(421(-321,211)211)21(-413(-421(321,-211,111)-211))-413(-421(321,-211,111)-211)423(421(-321,-11,12)111)2212,2212,-411(311(310)13,-14)21(-511(443(-13,13,22,22)-313)2212)-1(-511(443(-13,13,22,22)-313)2212)-511(443(-13,13,22,22)-313)2212,21(333(130,310))333(130,310)2212,2212,2212,21(2212,521(433(431(323(111)-311)22)-423(-421(-20213(-213(111)111)321)111)))2212,521(433(431(323(111)-311)22)-423(-421(-20213(-213(111)111)321)111))2212,2212,2212)
80 2212(5(21(21(413(421(-321,211,22)211)333(321,-321))21(333(321,-321)2212,2212)21(413(421(-321,211,22)211)333(321,-321))21(333(321,-321)2212,2212)21(333(321,-321)2212,2212))5(5(5(5(5(5(5(-513(-511(511(443(-13,13)313))22)-421(321,-211,111,22)))))))))-5(-5(-5(-5(521(-421(323(311)13,-14)211,22)310))))4(4(4(4(4(4(4(413(421(-321,211,22)211)333(321,-321))))))))4(4(4(4(421(-321,211,111)))))-4(-4(-4(-4(-4(-421(321,-211,211,-211))))))-421(321,-211,211,-211)-513(-511(511(443(-13,13)313))22)-421(321,-211,111,22)21(413(421(-321,211,22)211)333(321,-321))21(413(421(-321,211,22)211)333(321,-321))413(421(-321,211,22)211)333(321,-321)-2(421(-321,211,111))421(-321,211,111)2212,333(321,-321)2212,333(321,-321)521(-421(323(311)13,-14)211,22)2212,2212,2212,310)
81 2212(21(21(21(-5(-5(-5(-5(-5(-5(-5(521(-413(-411(-20213(113)310)111)111,211,211)310)))))))5(5(5(5(5(5(-513(-511(443(-13,13)-313)22)))))))))21(21,21,21))-4(-4(-4(-4(-4(-4(-4(-4(-4(-4(-411(313,13,-14)))))))))421(-311,111,111,111)333(321,-321)2212,2212,310,-11,11))-4(-4(-4(-4(-4(-4(-4(-4(-411(313,13,-14)))))))421(-311,111,111,111)333(321,-321)21(2212,310)2212,310)2212)4(4(4(4(4(413(421(-321,211,22)211))))))4(4(4(4(421(-311,111,111,111)333(321,-321)))))-4(-4(-411(313,13,-14)))1(1(-411(313,13,-14)))-3(-3(-11,11))3(3(-11,11))21(21(-11,11))1(1(1(-411(313,13,-14))))1(1(-411(313,13,-14)))-2(-2(-2(-513(-511(443(-13,13)-313)22))))-2(-2(-513(-511(443(-13,13)-313)22)))3,21,421(-311,111,111,111)333(321,-321)413(421(-321,211,22)211)2212,2212,3(521(-413(-411(-20213(113)310)111)111,211,211)310)-411(313,13,-14)21(-411(313,13,-14))-411(313,13,-14)-513(-511(443(-13,13)-313)22)21(2212,310)2212,2212,21(-11,11)21,333(321,-321)2212,2212,310,-11,11,2212,2212)
82 2212(-5(21(21(511(443(-13,13)313)310)21(511(443(-13,13)313)310))-5(-5(-5(-5(-5(-5(-5(-5(511(443(-13,13)313)310)))511(443(-13,13)313)310))))))5(5(5(5(5(5(-523(-521(-431(-323(-311(310))311)411(130,211,211,-211)-211)22)))))))-4(-4(-4(-4(-4(-413(-411(311,13,-14)111)))))413(421(-321,211)211))4(4(4(4(4(4(4(4(4(4(4(4(413(421(-321,211)211))))))))))-2(-2(-11,11))21(21(-413(-411(311,13,-14)111)))2212)))-4(-4(-4(-4(443(111,111,113)))))4(4(4(443(111,111,113))))-2(-2(-11,11))1(1(-11,11))21(21(-413(-411(311,13,-14)111)))3(2212,-11,11,-11,11)333(211,-211,111)2212,333(321,-321)2212,3(-413(-411(311,13,-14)111))-413(-411(311,13,-14)111)3(511(443(-13,13)313)310)2212,-3,-523(-521(-431(-323(-311(310))311)411(130,211,211,-211)-211)22)21,2212,2212,21(413(421(-321,211)211))413(421(-321,211)211)-11,11,310,310,310,2212,-11,11,-11,11)
83 2212(21(5(5(5(5(5(5(5(5(-513(-511(511(443(-13,13)313))22)))))))))21(21(2212)21(2212)))-4(-4(-4(-4(-4(-4(-4(-4(-4(-411(311,13,-14))))))))))4(4(4(4(4122(3122,321,-311)))))-4(-4(-4(-4(-4(421(130,211,-211)-413(-421(321,-211)-211))))))5(5(-513(-511(511(443(-13,13)313))22)))4(4(421(130,211,-211)-413(-421(321,-211)-211)))333(130,310)1(-411(311,13,-14))-411(311,13,-14)2212,-1(4122(3122,321,-311))4122(3122,321,-311)21(310)21,21,-1(-11,11)21,21(421(130,211,-211)-413(-421(321,-211)-211))421(130,211,-211)-413(-421(321,-211)-211)21(2212)2212,2(523(521(433(431(331(113)-11,12)22)-421(310,211,-211))22))21(523(521(433(431(331(113)-11,12)22)-421(310,211,-211))22))523(521(433(431(331(113)-11,12)22)-421(310,211,-211))22)1(-513(-511(511(443(-13,13)313))22))-513(-511(511(443(-13,13)313))22)2212,21,1,2212,2212,310)
84 2212(21(-5(-5(-5(-5(-5(-5(-5(-5(-5(-5(-5(513(511(443(-13,13)313)22)310))))))513(511(443(-13,13)313)22)310))513(511(443(-13,13)313)22)310))21(513(511(443(-13,13)313)22)310))21(21(-2(310)2(513(511(443(-13,13)313)22)310))21(310)21(310)21(513(511(443(-13,13)313)22)310)21(513(511(443(-13,13)313)22)310)21(513(511(443(-13,13)313)22)310)))4(4(4(4(4(413(421(-321,211)211))))2212))22,2212,413(421(-321,211)211)-1,21,2(2212,-411(311,13,-14))2212,-411(311,13,-14)2212,333(321,-321)333(130,310)-523(-521(423(421(-323(111)213(111))111)-211,221,213(111)221(111,111,111)-211)22)3(-11,11,2212)2101(-11,11,2212)2212,310,310,2212,2212,2212,2212,-11,11,2212)
85 2212(21(5(5(5(5(5(5(5(-513(-511(443(-13,13)-313)22)310)))))))21(21(-513(-511(443(-13,13)-313)22)310)21(-513(-511(443(-13,13)-313)22)310)-513(-511(443(-13,13)-313)22)21(2212,-11,11,-11,11)310))-4(-4(-4(-4(-4(-4(-4(-413(-411(311,11,-12)111))))))))4(4(4(4(4(4(413(421(-321,211,22)211)521(-421(321,-211,111)211,211,111,-211,331(221(111,111,111))223(111))))))))-4(-4(-4(421(-321,-11,12)-411(311,13,-14))))4(4(413(421(-321,211,22)211)521(-421(321,-211,111)211,211,111,-211,331(221(111,111,111))223(111))))21(21(2212,-11,11,-11,11))1(1(1(2212,-11,11,-11,11)))1(1(2212,-11,11,-11,11))4(4(4(421(-321,-11,12)-411(311,13,-14))))4(4(421(-321,-11,12)-411(311,13,-14)))5(5(-513(-511(443(-13,13)-313)22)310))413(421(-321,211,22)211)521(-421(321,-211,111)211,211,111,-211,331(221(111,111,111))223(111))2(-413(-411(311,11,-12)111))-413(-411(311,11,-12)111)421(-321,-11,12)-411(311,13,-14)21(-513(-511(443(-13,13)-313)22)310)-513(-511(443(-13,13)-313)22)2212,2212,2212,21(2212,-11,11,-11,11)-1(2212,-11,11,-11,11)2212,310,310,-11,11,-11,11,2212)
86 2212(21(21(21(333(130,310)-4232(-3222,313(311,111))2212,-11,11)21(333(130,310)-4232(-3222,313(311,111))2212,-11,11)21(333(130,310)-4232(-3222,313(311,111))2212,-11,11)21(333(130,310)-4232(-3222,313(311,111))2212,-11,11)21(333(130,310)-4232(-3222,313(311,111))2212,-11,11)21(333(130,310)-4232(-3222,313(311,111))2212,-11,11))21(21(-5(-5(-5(-5(-5(433(431(9030221,211)22)511(-423(-421(321,-211,111)111)-2214(111)2214(2212,111))-11,11)))))5(5(5(5(5(5(5(5(5(-513(-511(443(-13,13)-313)22)-413(-421(321,-211)-211)))))))))))))4(4(4(4(4(4(4(411(-313,-13,14))))))))4(4(4(4(4(433(431(9030221,211)22)511(-423(-421(321,-211,111)111)-2214(111)2214(2212,111))-11,11)))))-4(-4(-4(-4(333(130,310)-4232(-3222,313(311,111))2212,-11,11))))3(3(3(333(130,310)-4232(-3222,313(311,111))2212,-11,11)))3(3(333(130,310)-4232(-3222,313(311,111))2212,-11,11))4(4(433(431(9030221,211)22)511(-423(-421(321,-211,111)111)-2214(111)2214(2212,111))-11,11))5(5(-513(-511(443(-13,13)-313)22)-413(-421(321,-211)-211)))433(431(9030221,211)22)511(-423(-421(321,-211,111)111)-2214(111)2214(2212,111))411(-313,-13,14)-513(-511(443(-13,13)-313)22)-413(-421(321,-211)-211)333(130,310)-4232(-3222,313(311,111))1(-11,11)2103(-11,11)2212,-11,11,2212,-11,11)
87 2212(21(5(5(5(5(5(5(-511(413(421(-321,211,22)211)-321,311)))))))-5(-5(-5(-5(-5(-5(-5(-5(511(443(-13,13,22)313))))))))))1(1(1(511(443(-13,13,22)313))))21(21(511(443(-13,13,22)313)))-5(-5(511(443(-13,13,22)313)))1(1(511(443(-13,13,22)313)))2212,-511(413(421(-321,211,22)211)-321,311)2212,2(-11,11)-3(-11,11)333(130,310)511(443(-13,13,22)313)-2(-11,11)333(321,-321)-11,11,2212,2212,2212)
88 -511(413(421(-321,211)211)-433(-431(333(130,310)13,-14)22))
89 2212(21(1(1(1(2212,2212,513(511(443(-13,13)313)22)310)2212,2212,513(511(443(-13,13)313)22)310))21(21(5(5(5(5(5(5(5(-513(-511(413(421(-323(-311(310))-11,12,22)211)-413(-421(313,111,111)-211)-313(-311,111))22))))-1(-513(-511(413(421(-323(-311(310))-11,12,22)211)-413(-421(313,111,111)-211)-313(-311,111))22))))))-5(-5(-5(-5(-5(-5(-5(-5(2212,2212,513(511(443(-13,13)313)22)310)))))))))21(2212,2212,513(511(443(-13,13)313)22)310)21(2212,2212,513(511(443(-13,13)313)22)310)21(2212,2212,513(511(443(-13,13)313)22)310)21(2212,2212,513(511(443(-13,13)313)22)310)))-4(-4(-4(-4(-4(-4(-411(311,11,-12)))))))-4(-4(-4(-4(-4(-4(-4(-4(411(223(111)-13,14)2212,-4122(-311,-211,-3212))))))))-421(313,223(111))-11,11)4(4(4(4(4(4(4(413(421(-321,211,22)211)2212,-11,11)))-421(313,223(111))421(310,211,-211,111)-11,11)))421(310,211,-211,111))-4(-4(-4(-4(-4(-4(-421(313,223(111))-11,11))))413(421(-321,211,22)211)2212,-11,11))4(4(4(4(4(4(421(310,211,-211,111)))))))4(4(421(310,211,-211,111)))-4(-4(411(223(111)-13,14)2212,-4122(-311,-211,-3212)))1(1(-421(313,223(111))-11,11))-4(-4(-421(313,223(111))-11,11))411(223(111)-13,14)2212,-4122(-311,-211,-3212)-421(313,223(111))-2(413(421(-321,211,22)211)2212,-11,11)413(421(-321,211,22)211)2212,1(-411(311,11,-12))-411(311,11,-12)421(310,211,-211,111)421(-321,211,111)2212,-423(-421(313,113)111)-11,11,-11,11)
90 2212(21(21(21(4(4(4(4(4(4(421(-323(-311(310))213(111))2212,2212))))))-4(-4(-4(-4(2212,-411(311,-211,111,111,111)2212)))))21(2212,-411(311,-211,111,111,111)2212))21(21(421(-323(-311(310))213(111))2212,2212)21(421(-323(-311(310))213(111))2212,2212)21(421(-323(-311(310))213(111))2212,2212)21(421(-323(-311(310))213(111))2212,2212)21(421(-323(-311(310))213(111))2212,2212)))5(5(5(5(5(5(5(-511(413(421(-321,211)211)13,-14))))))))-5(-5(-5(-5(-5(-5(-5(511(443(-13,13)313))))))))5(5(5(5(-513(-511(423(421(20213(113)-321)111)-423(-421(310,321,-321)111)111)22)310))))-5(-5(-5(-5(-5(-5(533(531(-531(433(431(-313,323(111))22)-211,111))22)))))))21(21(310,-11,11))21(21(310,-11,11))5(5(-511(413(421(-321,211)211)13,-14)))21(21(-511(413(421(-321,211)211)13,-14)))21(2212)1(511(443(-13,13)313))-2,1(-11,11,-11,-11,11,11)-2(-11,11,-11,-11,11,11)1,2212,-3(-511(413(421(-321,211)211)13,-14))-511(413(421(-321,211)211)13,-14)21,21,21,21(310,310)2(310,-11,11)21(310,-11,11)21(310,-11,11)21(310,-11,11)-1(310,-11,11)1(2212,-11,11,2212)2212,21,21,333(130,310)21(-513(-511(423(421(20213(113)-321)111)-423(-421(310,321,-321)111)111)22)310)-513(-511(423(421(20213(113)-321)111)-423(-421(310,321,-321)111)111)22)-1(2212)2212,21,21(2212,-411(311,-211,111,111,111)2212)21(2212,-411(311,-211,111,111,111)2212)2212,-411(311,-211,111,111,111)421(-323(-311(310))213(111))2,2212,2212,-11,11,-11,-11,11,11,310,310,310,310,-11,11,2212,-11,11,2212,310,2212,2212,2212)
91 2212(4(4(4(4(4(4(4(4(4(413(421(-321,211)211)))))413(421(-321,211)211)2212,-411(311,111,13,-14)-11,11))))413(421(-321,211)211)3)5(5(5(21(21(413(421(-321,211)211))21(413(421(-321,211)211))21(2212,-411(311,111,13,-14)-11,11))5(5(5(5(5(5(5(5(5(5(-513(-511(443(-13,13)-313)22)-11,11,2212)))))))))21(21(2212,-411(311,111,13,-14)-11,11))21(-513(-511(443(-13,13)-313)22)-11,11,2212)-513(-511(443(-13,13)-313)22)-11,11,2212))))-4(-4(-4(-4(-4(2212,-411(311,111,13,-14)-11,11)))))-5(-5(-5(523(521(-423(-421(323(311)-213(111))22)-11,12)22))))21(21(2212,-411(311,111,13,-14)-11,11))4(4(413(421(-321,211)211)))3(523(521(-423(-421(323(311)-213(111))22)-11,12)22))413(421(-321,211)211)21(2212,-411(311,111,13,-14)-11,11)21(2212,-411(311,111,13,-14)-11,11)2212,-411(311,111,13,-14)-513(-511(443(-13,13)-313)22)2(-11,11)2212,2212,333(321,-321)333(321,-321)-11,11,-11,11,2212,-11,11,2212,2212)
92 2212(21(5(5(5(5(5(5(-533(-531(431(213(111)221(111,111,111))223(111)-213(111)223(111))22)-411(321,-211,13,-14)))))))-5(-5(-5(-5(-5(-5(511(443(-13,13)313))))))))-4(-4(-4(-4(-4(-4(-4(-4(-4(-4(-4(-4(-533(-531(431(213(111)221(111,111,111))223(111)-213(111)223(111))22)-411(321,-211,13,-14)))))))))-413(-421(321,-211)-211)2212))-413(-421(321,-211)-211)2(-11,11)2212,-11,11,310,-11,11))4(4(4(4(4(4(431(-313(-311,111)323(111))))))))1(1(511(443(-13,13)313)))-4(-4(-4(-413(-421(321,-211)-211))))-4(-4(-413(-421(321,-211)-211)))4(4(431(-313(-311,111)323(111))))-3(-3(-11,11))411(-313(-311,111)-11,12)-423(-421(130,211,-211,111)111)2,511(443(-13,13)313)1,431(-313(-311,111)323(111))-533(-531(431(213(111)221(111,111,111))223(111)-213(111)223(111))22)-411(321,-211,13,-14)21(-413(-421(321,-211)-211))-413(-421(321,-211)-211)411(-311,-11,12)2212,21(-11,11)21(-11,11)2212,2(-11,11)2212,2212,-11,11,310,2212,-11,11)
93 2212(21(21(21(2212,310,310,310)21(310,310,310)21(310,310,310)21(2212)21(2212))21(21(423(421(310,211,-211,111,22)111)310,310,310)21(423(421(310,211,-211,111,22)111))21(423(421(310,211,-211,111,22)111))21(423(421(310,211,-211,111,22)111))423(421(310,211,-211,111,22)111)))5(5(5(5(5(5(5(5(-513(-511(443(-13,13,22)-313)22)2212,-11,11,2212))))))))4(4(4(4(423(421(310,211,-211,111,22)111)))))-4(-4(-4(-4(-4(-411(310,-211,111,22))))))22,-4(-4(-411(310,-211,111,22)))2212,413(421(-323(-311)-13,14)211)511(-413(-411(10313(-213(111))11,-12)111)211,223(111))-411(310,-211,111,22)21(310,310,310)21(310,310,310)21(2212)2212,21(423(421(310,211,-211,111,22)111))423(421(310,211,-211,111,22)111)333(321,-321)2(-413(-421(321,-211)-211)-11,11)-413(-421(321,-211)-211)21(-513(-511(443(-13,13,22)-313)22)2212,-11,11,2212)-1(-513(-511(443(-13,13,22)-313)22)2212,-11,11,2212)-513(-511(443(-13,13,22)-313)22)310,310,310,2212,310,2212,-11,11,2212,-11,11,2212,2212)
94 2212(-5(21(21(1(-11,11,-11,11)-1(411(-313(-311,111)-11,12)2212))21(-11,11,-11,11)21(411(-313(-311,111)-11,12)2212)21(411(-313(-311,111)-11,12)2212)21(411(-313(-311,111)-11,12)2212))-5(-5(-5(-5(-5(-5(-5(-5(-5(-5(411(-311,-13,14)511(-511(443(-13,13)-313))2212)))))-5(-5(411(-311,-13,14)511(-511(443(-13,13)-313))2212))-413(-421(321,-211,22)-211)411(-311,-13,14)511(-511(443(-13,13)-313))-11,11,2212))))))5(5(5(5(5(5(5(5(5(5(-513(-511(413(421(130,-321,211)211)-211,-211,211,111)22)2212)))))))-513(-511(413(421(130,-321,211)211)-211,-211,211,111)22)2212)))-4(-4(-4(-4(-4(-411(-20213(-213(111)111)310))))))4(4(4(4(4(411(-313(-311,111)-11,12)2212)))))-4(-4(-4(-4(-4(-4(-413(-421(321,-211,22)-211)-11,11))))))4(4(4(4(4(411(-311,-13,14)511(-511(443(-13,13)-313))2212)))))-4(-4(-4(-4(-4(-4(-4(-4(-4(-4(-421(313,113))))22)5(5(-513(-511(413(421(130,-321,211)211)-211,-211,211,111)22)2212))411(-313(-311,111)-11,12)2212,-513(-511(413(421(130,-321,211)211)-211,-211,211,111)22)2212))411(-313(-311,111)-11,12)2212))))4(4(4(4(4(413(411(-321,211,211)111)333(321,-321))))411(-313(-311,111)-11,12)2212))-4(-4(-411(-20213(-213(111)111)310)))-4(-4(-413(-421(321,-211,22)-211)-11,11))4(4(411(-311,-13,14)511(-511(443(-13,13)-313))2212))-5(-5(411(-311,-13,14)511(-511(443(-13,13)-313))2212))-3,-413(-421(321,-211,22)-211)411(-311,-13,14)511(-511(443(-13,13)-313))411(-313(-311,111)-11,12)2212,-513(-511(413(421(130,-321,211)211)-211,-211,211,111)22)-411(-20213(-213(111)111)310)-11,11,2212,-11,11,-11,11,2212,2212,2212)
95 2212(5(-4(-4(-4(-4(-4(-4(-4(-4(-4(-411(333(321,-321)-211,111)))))21(-411(333(321,-321)-211,111)))))))5(5(5(5(5(5(5(5(-513(-511(443(-13,13,22)-313)22))))))))))-5(-5(-5(-5(-5(-5(511(-411(321,-211,13,-14)321,-321,213(111)221)))))))4(4(413(421(-321,211)211)310,310))2212,-3(-513(-511(443(-13,13,22)-313)22))-513(-511(443(-13,13,22)-313)22)3(511(-411(321,-211,13,-14)321,-321,213(111)221))511(-411(321,-211,13,-14)321,-321,213(111)221)21(-411(333(321,-321)-211,111))21(-411(333(321,-321)-211,111))-411(333(321,-321)-211,111)413(421(-321,211)211)2212,2212,310,310,2212)
96 2212(21(21(21(5(5(5(5(5(5(-523(-521(-421(130,111,111)223(111)-211,423(421(20213(113)-321)111))22)))))))-5(-5(-5(-5(-5(-5(-5(-5(-5(513(511(-511(443(-13,13,22)-313))22)-11,11)))))))))))21(21(2212,333(211,-211,111)-11,11)21(2212,333(211,-211,111)-11,11)21(2212,333(211,-211,111)-11,11)21(2212,333(211,-211,111)-11,11)))4(4(4(4(4(4(4(4(4(4(411(221(111,111,111)-13,14)))))))))))-2(-2(411(221(111,111,111)-13,14)))4(4(411(221(111,111,111)-13,14)))-3(-3(2212,333(211,-211,111)-11,11))-4(-4(-413(-421(321,-211,22)-211)))411(221(111,111,111)-13,14)-413(-421(321,-211,22)-211)413(411(323(111)130,22)111)-421(130,221)-523(-521(-421(130,111,111)223(111)-211,423(421(20213(113)-321)111))22)3(-11,11)-2(-11,11)2(2212,333(211,-211,111)-11,11)21(2212,333(211,-211,111)-11,11)21(2212,333(211,-211,111)-11,11)2212,333(211,-211,111)2(2212,-11,11)-3(2212,-11,11)2212,21(2212)2212,21,2,-11,11,2212,-11,11,2212,2212)
97 2212(21(21(21(5(5(5(5(5(-513(-511(443(-13,13)-313)22))))))-5(-5(-5(-5(-5(513(511(-411(221(111)-211,111)213(111)111,22)22))))))))21(21(-413(-421(321,-211)-211))21(-413(-421(321,-211)-211))))-1(-513(-511(443(-13,13)-313)22))2(411(-313(-311,111)-13,14))513(511(-411(221(111)-211,111)213(111)111,22)22)-2,2212,21(-413(-421(321,-211)-211))-413(-421(321,-211)-211)411(-313(-311,111)-13,14)333(321,-321)2212,2212,2212,310)
98 2212(21(5(5(5(5(5(5(5(5(-523(-521(-211,411(-311,-13,14)221,-211)22)2212))))))))-5(-5(-5(-5(-5(-5(-5(-5(-5(2212,511(443(-13,13,22)313)310))))))))))-4(-4(-4(-4(-411(313,13,-14)))))4(4(4(4(413(421(-321,211)211)))))22,2(2(-411(313,13,-14)))-2,-411(313,13,-14)2212,333(130,310)2212,511(443(-13,13,22)313)2(2212)413(421(-321,211)211)2212,-2(-523(-521(-211,411(-311,-13,14)221,-211)22)2212)-523(-521(-211,411(-311,-13,14)221,-211)22)2212,2212,2212,2212,310,2212,2212,2212,2212)
99 2212(5(-3(-3(-3(-511(443(-13,13)-313)310)-511(443(-13,13)-313)310))5(5(5(5(5(5(5(-511(443(-13,13)-313)310))))))))-5(-5(-5(-5(-5(-5(-5(523(521(-423(-421(313,113)22)423(421(130,221(111)111)22)323(111))22))))))))4(4(4(4(4(4(4(4(413(421(-321,211)211)-11,11))))333(321,-321)333(321,-321)2212,310,310))))-2(-2(-11,11))21(21(413(421(-321,211)211)-11,11))-4(-4(-411(311,13,-14)))523(521(-423(-421(313,113)22)423(421(130,221(111)111)22)323(111))22)2(-11,11)-411(311,13,-14)-2(413(421(-321,211)211)-11,11)413(421(-321,211)211)21(2212)2212,2212,2212,-1(2212)21(333(321,-321)333(321,-321)2212,310,310)21(333(321,-321)333(321,-321)2212,310,310)333(321,-321)333(321,-321)2212,-11,11,-11,11,2212,310,310)
100 2212(4(4(4(4(-5(-5(-5(-5(-5(-5(-5(-5(-5(511(443(-13,13)313)))))1(511(443(-13,13)313))423(421(-321,211,111)111))))))4(4(4(4(4(4(4(4(4(4(423(421(-321,211,111)111))))))))))))))411(310,211,211,-211))-4(-4(-4(-4(-4(-4(-421(321,-211,111,111,111))))))-421(321,-211,111,111,111))-4(-4(-4(-4(-413(-421(321,-211)-211)))))4(4(4(411(310,211,211,-211))))-4(-4(-421(321,-211,111,111,111)))-3(-3(-523(-521(423(421(310,211,-211)111)11,-12)22)2212))511(443(-13,13)313)411(310,211,211,-211)2,423(421(-321,211,111)111)-413(-421(321,-211)-211)21,-523(-521(423(421(310,211,-211)111)11,-12)22)2212,2212,2212,21(-421(321,-211,111,111,111))-421(321,-211,111,111,111)2212,2212)
101 2212(21(21(21(2212,-11,11)21(2212,-11,11))21(21(2212,310)21(2212,310)21(2212,310)21(2212,310)21(2212,310)21(2212,310)))-5(-5(-5(-5(-5(-5(-5(-5(-5(523(521(-421(321,-211,111)-13,14)22))))))))))5(5(5(5(5(5(5(5(5(5(-513(-511(511(443(-13,13)313))22)310)))))-513(-511(511(443(-13,13)313))22)333(130,310)-411(311,11,-12,22)310)))))4(4(4(4(4(4(4(4(4(4(4(4(423(421(-323(-311(310))-13,14)22)-423(-421(-20213(-213(111)111)321)111)))))))))))))4(4(4(4(4(4(4(4(413(421(-321,-11,12,22)211)))))))2212,-421(321,-211,111)310,2212))-4(-4(-4(-4(-4(-4(-4(-4(-4(-4(-421(321,-211,111)2212)))))))))21(21(333(130,310)-411(311,11,-12,22)))2212,1(333(130,310)-411(311,11,-12,22))523(521(-421(321,-211,111)-13,14)22)310)-4(-4(-4(423(421(-323(-311(310))-13,14)22)-423(-421(-20213(-213(111)111)321)111))))4(4(4(4(4(4(4(413(421(-321,211)211))))))))-5(-5(523(521(-421(321,-211,111)-13,14)22)))4(4(4(413(421(-321,211)211))))4(4(413(421(-321,211)211)))21(21(333(130,310)-411(311,11,-12,22)))4(4(423(421(-323(-311(310))-13,14)22)-423(-421(-20213(-213(111)111)321)111)))-1(-1(-513(-511(511(443(-13,13)313))22)310))423(421(-323(-311(310))-13,14)22)-423(-421(-20213(-213(111)111)321)111)413(421(-321,211)211)-1(413(421(-321,-11,12,22)211))413(421(-321,-11,12,22)211)-3(2212,310)2212,333(130,310)-411(311,11,-12,22)1(310)-421(321,-211,111)-1(2212,-11,11)2212,21,21(2212,310)2212,2(523(521(-421(321,-211,111)-13,14)22))523(521(-421(321,-211,111)-13,14)22)310,310,2212,-11,11,310)
102 -521(411(-311,-13,14)-413(-421(321,-211)-211)-321)
103 2212(-1(5(5(5(5(5(-511(511(443(-13,13)313)))))))-5(-5(-5(-5(-5(-5(423(421(-321,-13,14)22)523(521(-421(323(311)13,-14,22,22)-13,14)22))))))))-4(-4(-4(-4(-4(-4(-4(-4(-4(2212,-413(-421(321,-211,331(113))-211)))))))))2212,-511(511(443(-13,13)313))2212,-413(-421(321,-211,331(113))-211)2212)4(4(4(4(4(4(423(421(20213(213(111)111)-321)111)2212,-11,11))))))4(4(4(4(4(423(421(-321,-13,14)22)523(521(-421(323(311)13,-14,22,22)-13,14)22))))))-4(-4(-4(-4(-4(-4(-413(-421(321,-211)-211)))))))4(4(4(4(4(4(411(321,-321,211,111))))423(421(-321,-13,14)22)523(521(-421(323(311)13,-14,22,22)-13,14)22))-1(-511(511(443(-13,13)313)))))-4(-4(2212,-421(321,-211,221)))4(4(423(421(20213(213(111)111)-321)111)2212,-11,11))5(5(-511(511(443(-13,13)313))))-413(-421(321,-211)-211)-2(423(421(20213(213(111)111)-321)111)2212,-11,11)411(321,-321,211,111)423(421(-321,-13,14)22)523(521(-421(323(311)13,-14,22,22)-13,14)22)2212,2212,2212,-511(511(443(-13,13)313))2212,-421(321,-211,221)423(421(20213(213(111)111)-321)111)2212,2212,-413(-421(321,-211,331(113))-211)1(-11,11)2212,2212,-11,11,2212,2212)
104 2212(-2(21(-5(-5(-5(-5(-5(-5(-5(-5(521(443(211,-211,211,-211,111,111)321)))))))))5(5(5(5(5(5(5(5(5(5(-511(511(443(-13,13)313))-433(-431(-213(111)331(113))22))))))))))))-2(-2(21(421(-321,211,111)2212)21(421(-321,211,111)2212)-2(421(-321,211,111)2212)421(-321,211,111)2212)))4(4(4(4(4(4(4(4(4(4(4(4(4(421(-321,211,111)2212))))))))5(5(5(-511(511(443(-13,13)313))-433(-431(-213(111)331(113))22))))413(421(-321,211)211)310,-11,11)))))-4(-4(-4(-4(-4(-4(-4(-4(-511(511(443(-13,13)313))-433(-431(-213(111)331(113))22))))))-2(421(-321,211,111)2212))))445(445(445(445(22,443(-313,-211,321)))))-4(-4(-4(-4(-4(-4(-4(-4(-4(2212,-411(313,13,-14))))))2212,-411(313,13,-14)-11,11,310)310,-11,11)))4(4(421(211,211,-211,-211,22)310))2(2(2(-11,11,310)))21(21(310,-11,11))4(4(4(421(-321,211,111)2212)))4(4(421(-321,211,111)2212))1(1(-411(311,13,-14)))5(5(5(5(-511(511(443(-13,13)313))-433(-431(-213(111)331(113))22)))))5(5(-511(511(443(-13,13)313))-433(-431(-213(111)331(113))22)))413(421(-321,211)211)-411(311,13,-14)-511(511(443(-13,13)313))-433(-431(-213(111)331(113))22)2(310,-11,11)-3(310,-11,11)21(421(-321,211,111)2212)21(421(-321,211,111)2212)21(421(-321,211,111)2212)421(-321,211,111)2212,-11,11,310,310,-11,11,2212,2212)
105 2212(-5(-5(21(21(-11,11)21(-11,11))-5(-5(-5(-5(-5(-5(-5(-5(513(511(-511(443(-13,13)-313))22)))))))))))5(5(5(5(-511(415(421(-321,-11,12,22,22)211,22)15(13,-14,16,22)-16)-11,11))))-4(-4(-4(-4(-4(-423(-421(-20213(113)321)111))))))4(4(4(413(421(-321,211)211)310,310)))5(5(-511(415(421(-321,-11,12,22,22)211,22)15(13,-14,16,22)-16)-11,11))413(421(-321,211)211)-423(-421(-20213(113)321)111)2212,21(-511(415(421(-321,-11,12,22,22)211,22)15(13,-14,16,22)-16)-11,11)21(-511(415(421(-321,-11,12,22,22)211,22)15(13,-14,16,22)-16)-11,11)-511(415(421(-321,-11,12,22,22)211,22)15(13,-14,16,22)-16)3(-11,11)-2(-11,11)2212,310,310,310,-11,11,2212,2212)
106 2212(21(5(5(5(5(5(5(5(-513(-511(443(-13,13)-313)22))))))))-5(-5(-5(-5(-5(-5(-5(-5(333(211,-211,111)513(511(-511(413(421(-323(111)211,111)211)-433(-431(333(321,-321)-211)22)223(111)))22)))))333(211,-211,111)513(511(-511(413(421(-323(111)211,111)211)-433(-431(333(321,-321)-211)22)223(111)))22))))))-4(-4(-4(-4(-4(-4(-4(2212,-413(-421(321,-211)-211)))))2212,-413(-421(321,-211)-211)))-1(-1(-11,11,310,310))21(-11,11,310,310))4(4(4(4(413(421(-323(111)213(111))211)-423(-421(313,113)111)))))4(4(4(4(4(4(4(413(411(-311,-13,14)111)-11,11))))))2212)-4(-4(-4(-4(-4(413(421(-323(111)213(111))211)-423(-421(313,113)111))))))1(1(-11,11,310,310))1(-11,11)-2(-11,11)413(421(-323(111)213(111))211)-423(-421(313,113)111)2212,-413(-421(321,-211)-211)3(2212,-11,11)-1(2212,-11,11)-1(413(411(-311,-13,14)111)-11,11)413(411(-311,-13,14)111)2(2212,310,-11,11,2212)-3(2212,310,-11,11,2212)2212,2212,2212,21(333(130,310))333(130,310)21(333(211,-211,111)513(511(-511(413(421(-323(111)211,111)211)-433(-431(333(321,-321)-211)22)223(111)))22))333(211,-211,111)513(511(-511(413(421(-323(111)211,111)211)-433(-431(333(321,-321)-211)22)223(111)))22)2212,2212,2(-11,11)-11,11,-11,11,-11,11,310,310,310,-11,11,2212,310,2212)
107 2212(5(21(21(-4(-4(-4(2212,-413(-411(311,11,-12,22)111))))4(4(4(4(4(411(-313(-311(310)111)-13,14)310,310)))))))5(5(5(5(5(5(5(-513(-511(443(-13,13)-313)22)))))))))-5(-5(-5(-5(-5(511(-413(-421(321,-211)-211)-13,14)310)))))2(2(2212,-11,11))21(21(2212,-11,11))-2(-2(-2(2212,-11,11)))-2(-2(2212,-11,11))21(21(2212,-11,11))4(4(411(-313(-311(310)111)-13,14)310,310))5(5(-513(-511(443(-13,13)-313)22)))-1(-513(-511(443(-13,13)-313)22))-513(-511(443(-13,13)-313)22)2212,1(2212,-413(-411(311,11,-12,22)111))2212,-413(-411(311,11,-12,22)111)-3(411(-313(-311(310)111)-13,14)310,310)411(-313(-311(310)111)-13,14)2212,333(130,310)2(511(-413(-421(321,-211)-211)-13,14)310)511(-413(-421(321,-211)-211)-13,14)1(2212,-11,11)-3(2212,-11,11)2212,333(-213,211,22)310,310,-11,11,310,310,-11,11)
108 2212(1(3(3)1(1(2212)2212))5(5(5(5(5(5(5(5(5(-513(-511(511(443(-13,13,22)313))22)-413(-421(321,-211)-211)310))))))))4(4(4(4(4(423(421(310,221(111)111)111))))))-4(-4(-4(-513(-511(511(443(-13,13,22)313))22)-413(-421(321,-211)-211)310))))-5(-5(-5(-5(-5(511(-411(313,13,-14)-11,12))))))4(4(4(423(421(310,221(111)111)111))))3(3(511(-411(313,13,-14)-11,12)))-5(-5(511(-411(313,13,-14)-11,12)))2(2(2212,2212,310,-11,11,310))-1(-1(2212,2212,310,-11,11,310))5(5(5(-513(-511(511(443(-13,13,22)313))22)-413(-421(321,-211)-211)310)))5(5(-513(-511(511(443(-13,13,22)313))22)-413(-421(321,-211)-211)310))2212,511(-411(313,13,-14)-11,12)-513(-511(511(443(-13,13,22)313))22)-413(-421(321,-211)-211)3(-11,11)2212,2212,423(421(310,221(111)111)111)2212,2212,2212,2212,310,310,-11,11,310,2212)
109 511(-413(-421(321,13,-14)-211)413(421(-321,211)211)313)
110 -521(413(421(-211,321)211)-211,13,-14)
111 2212(21(5(5(5(5(5(-513(-511(413(411(321,-313,111)111)-2212,2112)22))))))-5(-5(-5(-5(511(443(-13,13,22,22)313))))))-4(-4(-4(-4(-4(-4(-4(-4(-4(-413(-421(321,-211)-211))))))))333(130,310)2212,2212,310))4(4(4(4(4(423(421(130,211,-211)22))))))5(5(-513(-511(413(411(321,-313,111)111)-2212,2112)22)))-513(-511(413(411(321,-313,111)111)-2212,2112)22)423(421(130,211,-211)22)-413(-421(321,-211)-211)2212,-3(-11,11)2212,333(130,310)2212,2212,1(511(443(-13,13,22,22)313))511(443(-13,13,22,22)313)-2(-11,11)310,310,2212,-11,11)
