0 -511(14,-13,-413(-421(321,-211)-211))
1 -521(-14,13,20423(413(421(-321,211)211)-211))
2 -511(14,-13,-10413(-413(-421(321,-211)-211)111(22,22)))
3 -511(-14,13,20413(413(421(-321,211)211)111(22,22)))
4 511(16,-15(-16,-13,14)-413(-421(321,-211)-211))
5 -521(-14,13,10423(413(421(-321,211)211)-211))
6 521(14,-13,-425(-413(-421(321,-211)-211)211))
7 -511(413(421(-321,211)211)-411(13,-14,313(311(310)111(22,22)))-311(310))
8 521(-413(-421(321,-211,22)-211)433(431(-13,14,221(211,-211,22))22)211)
9 511(20433(433(431(-13,14)22)22)-413(-421(321,-211)-211))
10 -511(-431(13,-14,221(211,-211,111(22,22)))413(421(-321,211)211))
11 -521(413(421(-321,211)211)-323(-311(130)-211)-411(13,-14,221(22,22))111(22,22))
12 -511(-431(13,-14)413(421(-321,211)211))
13 531(14,-13,-10433(-413(-421(321,-211,22)-211)-311(310)))
