0 -511(413(421(-321,211)211)13,-14)
1 -521(413(421(-321,211)211)-211,13,-14)
2 -521(10423(413(421(-321,211)211)-211)13,-14)
3 -521(20423(413(421(-321,211)211)-211)13,-14)
4 511(-413(-421(321,-211)-211)-15(-13,14,-16)16)
5 511(-10413(-413(-421(321,-211)-211)111(22,22))-13,14)
6 511(-20413(-413(-421(321,-211)-211)111(22,22))-13,14)
7 -511(413(421(-321,211)211)111(22,22)13,-14)
8 -531(10433(413(421(-321,211)211)311(310))13,-14)
9 531(-10433(-413(-421(321,-211)-211)-311(130))-13,14)
10 521(-425(-413(-421(321,-211)-211)211)-13,14)
11 521(411(-311(130)-13,14)-413(-421(321,-211)-211)321)
12 -511(415(413(421(-321,211)211)111(22,22))13,-14)
13 511(433(431(333(321,-321)-13,14)22)-413(-421(321,-211)-211))
14 -511(413(421(-321,211)211)-413(-421(321,13,-14)-211)-313(-321,211))
15 521(-20423(-413(-421(321,-211)-211)211)-15(-13,14,-16)16)
16 -511(411(-311(310)-13,14)-413(-421(321,-211)-211)-313(-321,211))
17 -511(-313(-321,211)-413(-421(321,-211)-211)411(-311(310)-13,14))
18 521(411(-311(310)-13,14)-413(-421(321,-211)-211)323(311(130)211))
19 511(-413(-421(321,-211,22)-211)423(421(-323(-311(310)-211)-13,14)22)321)
20 521(411(-311(310)-13,14)-413(-421(321,-211)-211)321)
21 521(-20423(-413(-421(321,-211)-211)211)433(431(333(130,310)-13,14)22))
22 521(413(421(-321,211)211)-411(311(310)13,-14)321)
23 -521(411(-313(-321,211)-13,14,22)-321,-413(-421(321,-211)-211)111(22,22))
24 521(413(421(-323(-321,111(22,22))-13,14)211)-413(-421(321,-211)-211)323(321,111(22,22)))
25 -511(413(421(-321,211)211)-413(-411(111(22,22)13,-14)111(22,22))-311(130))
26 521(-421(323(311(310)211)13,-14)413(421(-321,211)211)313(311(310)111(22,22)))
27 -521(423(421(-321,-13,14,22)111(22,22))-10433(-413(-421(321,-211)-211)-311(130)))
28 511(-413(-421(321,-211)-211)413(411(-313(-321,211)-13,14)22)313(321,-211))
29 -521(-413(-411(313(321,-211)13,-14)111(22,22))413(421(-321,211)211)-321)
30 511(433(431(333(130,310)-13,14)22)-413(-421(321,-211)-211))
31 -521(423(421(-323(-311(310)-211)-13,14)22)-413(-421(321,-211)-211)-311(130))
32 511(-413(-421(321,-211)-211)421(-213(-211,111(22,22))-13,14,22)323(311(310)211))
33 -521(-413(-421(321,-211,22)-211)411(-313(-321,211,22)-13,14)-323(-311(310)-211))
34 -521(423(421(-323(-311(310)-211)-13,14)111(22,22))-413(-421(321,-211,22)-211)-313(-311(130)111(22,22)))
35 -511(413(421(-321,211)211)-423(-421(321,13,-14,22)22)-321)
36 -511(413(411(-313(-321,211)-13,14)111(22,22))-413(-421(321,-211)-211)-313(-311(130)111(22,22)))
37 -511(413(421(-321,211)211)-421(323(321,111(22,22))13,-14)-323(-311(130)-211))
38 -511(411(-313(-321,211)-13,14)-413(-421(321,-211)-211)-313(-321,211))
39 511(-411(311(130)111(22,22)13,-14)413(421(-321,211)211)313(311(310)111(22,22)))
40 -511(413(421(-321,211)211)-411(113(211,-211)13,-14)-311(310))
41 -521(-413(-421(321,13,-14)-211)413(421(-321,211,22)211)-321)
42 -521(-411(313(321,-211)13,-14)413(421(-321,211)211)-321)
43 -511(413(421(-321,211)211)-20433(-433(-431(333(130,310)13,-14)22)111(22,22)))
44 -511(413(421(-321,211)211)-20433(-433(-431(13,-14,22)22)111(22,22)))
45 511(-413(-421(321,-211)-211)411(-313(-311(130)111(22,22))-13,14)311(310))
46 531(-433(-431(221(22,-211,211)13,-14)22)413(421(-321,211)211)311(310))
47 531(-431(221(22,22)13,-14)413(421(-321,211)211)313(321,-211))
48 -511(-413(-421(321,-211,22)-211)211,-321,413(411(-313(-321,211)-13,14)111(22,22)))
49 521(-421(321,13,-14)413(421(-321,211)211)313(311(130)111(22,22)))
50 -511(-313(-321,211)-411(311(310)13,-14)413(421(-321,211)211))
51 521(-411(313(311(310)111(22,22))13,-14)413(421(-321,211)211)323(311(310)211))
52 -531(433(431(-13,14)22)-413(-421(321,-211)-211)-313(-311(130)111(22,22)))
53 -511(413(421(-321,211)211)-431(333(130,310)13,-14))
54 -511(413(421(-321,211)211)-20433(-433(-431(333(321,-321)13,-14)22)111(22,22)))
55 511(-411(313(311(310)111(22,22))13,-14)413(421(-321,211,22)211)313(311(310)111(22,22)))
56 -521(-411(315(321,-211)13,-14)413(421(-321,211)211)-323(-311(310)-211))
57 511(-413(-421(321,-211)-211)20433(431(221(22,22)-13,14)22))
58 -521(-321,213(211,111(22,22))-413(-421(321,-211)-211)421(-323(-311(310)-211)-13,14))
59 -511(413(421(-321,211)211)-423(-421(323(311(130)211)13,-14)22)-321)
60 -521(423(421(-321,-13,14)111(22,22))-413(-421(321,-211)-211)-313(-321,211,22))
61 511(-413(-421(321,-211)-211)323(311(310)211)413(421(-323(-311(130)-211)-13,14)211)-211)
62 -511(413(421(-321,211)211)-411(311(130)13,-14,22)-311(130))
63 -521(423(421(-323(-311(310)-211)-13,14)111(22,22))-413(-421(321,-211)-211)-313(-321,211,22,22))
64 511(423(421(-321,-13,14)111(22,22))323(321,111(22,22))-413(-421(321,-211)-211))
65 521(-421(321,13,-14)413(421(-321,211)211)311(130))
66 -511(-311(130)223(-211,211,111(22,22))-413(-421(321,-211,22)-211)411(-311(130)-13,14,22))
67 -521(423(421(-211,-13,14)111(22,22))-413(-421(321,-211)-211)-311(310))
68 511(-411(311(310)13,-14)413(421(-321,211)211)311(130))
69 521(-423(-421(323(311(310)211)13,-14)111(22,22))413(421(-321,211,22)211)311(310))
70 -511(10413(413(421(-321,211,22)211)111(-11,11,22))13,-14)
71 -511(413(421(-321,211)211)-423(-421(321,13,-14)111(22,22))-321)
72 511(-411(311(310)13,-14)413(421(-321,211)211)311(310))
73 521(413(421(-321,211)211)-413(-411(313(321,-211)13,-14)111(22,22))323(311(310)211))
74 511(-413(-411(311(130)13,-14)111(22,22))413(421(-321,211)211)311(130)22)
75 -521(425(413(421(-321,211)211)-211)15(13,-14,16)-16)
76 511(-413(-421(321,-211)-211)411(-311(130)-13,14))
77 511(-413(-421(321,-211)-211)423(421(-323(-321,111(22,22))-13,14)111(22,22))321)
78 -511(413(421(-321,211)211)-433(-431(333(130,310)13,-14)22))
79 521(-10423(-413(-421(321,-211,22)-211)211)-15(-13,14,-16)16)
80 -521(-413(-421(321,-211,22)-211)413(421(-323(-311(310)-211)-13,14)211)-321)
81 -511(413(421(-321,-13,14)211)-413(-421(321,-211)-211)-311(130))
82 -521(423(421(-321,-13,14)111(22,22))-413(-421(321,-211)-211)-311(310))
83 -511(413(421(-321,211)211)-411(313(321,-211)13,-14)-313(-321,211))
84 521(-423(-421(323(311(130)211)13,-14)22)413(421(-321,211)211)311(130))
85 -511(413(421(-321,211,22)211)-413(-411(313(311(130)111(22,22))13,-14)111(22,22))-313(-321,211,22))
86 521(413(421(-321,211)211)-213(-211,111(22,22))321,-421(321,13,-14))
87 511(-413(-421(321,-211)-211)411(-311(130)-13,14)313(321,-211))
88 521(321,-413(-421(321,13,-14)-211)413(421(-321,211)211)111(22,22))
89 -511(-423(-421(211,13,-14)111(22,22))-323(-311(310)-211)413(421(-321,211,22)211))
90 521(-421(323(321,111(22,22))13,-14)413(421(-321,211)211)311(310))
91 -511(413(421(-321,211)211)-20433(-431(221(111(22,22)111(22,22)111(22,22))13,-14)22))
92 511(-413(-421(321,-211)-211)411(-313(-321,211)-13,14,22)111(22,22)221(22,22)311(130))
93 -511(413(421(-321,211)211)-20433(-433(-431(311(130)13,-14)22)111(22,22)))
94 -521(425(413(421(-321,211)211)-211)-433(-431(221(22,22)13,-14)22))
95 -521(423(421(-323(-321,111(22,22))-13,14)111(22,22))-413(-421(321,-211,22)-211)-311(310))
96 521(-411(313(311(310)111(22,22))13,-14)413(421(-321,211,22)211)323(311(130)211))
97 511(-10413(-413(-421(321,-211)-211)111(22,22))431(331(113(211,-211,22)22)-13,14,22))
98 521(413(411(-311(130)-13,14)111(22,22))-413(-421(321,-211)-211)323(311(130)211))
99 511(-411(311(130)13,-14)413(421(-321,211)211)311(130))
100 521(413(421(-321,211,22)211)-411(311(310)111(22,22)13,-14)323(311(310)211))
101 -521(423(421(-321,-13,14)111(22,22))-413(-421(321,-211)-211)-311(130))
102 511(-10413(-413(-421(321,-211)-211)111(22,22))431(221(22,22)-13,14))
103 521(-421(211,13,-14)413(421(-321,211,22)211)313(311(310)111(22,22)))
104 511(-413(-411(10313(311(310)211,-211)13,-14)111(22,22))413(421(-321,211,22)211)311(310))
105 511(-10413(-413(-421(321,-211,22)-211)111(22,22))433(431(333(130,310)-13,14)111(22,22)))
106 -521(-413(-421(321,-211)-211)411(-311(310)-13,14)111(22,22)-213(-211,111(22,22)))
107 511(-413(-421(321,-211)-211)20433(433(431(221(22,22)-13,14)22)111(22,22)))
